R K W
-0.024300 	 -2.868950 	 3.243301
-1.138300 	 -1.947950 	 3.460300
-1.426300 	 -1.055950 	 2.253300
-2.593300 	 -0.749950 	 1.958300
-0.844300 	 -1.070950 	 4.683299
-0.379300 	 -0.645950 	 1.554300
-0.526300 	 0.249050 	 0.410300
-0.740300 	 -0.508950 	 -0.885700
-1.599300 	 -0.165950 	 -1.690700
0.706701 	 1.134050 	 0.275300
0.062700 	 -1.537950 	 -1.100700
0.159700 	 -2.144950 	 -2.430700
-0.529300 	 -3.495950 	 -2.586700
-0.548300 	 -4.051950 	 -3.689700
1.629699 	 -2.276950 	 -2.822700
2.584701 	 6.115050 	 1.377300
0.578700 	 2.249050 	 -0.755700
1.859701 	 3.045051 	 -0.786700
1.742700 	 4.318049 	 -1.614700
1.024700 	 5.412049 	 -0.851700

R K W
0.303800 	 -2.627850 	 3.369251
-0.810200 	 -1.706850 	 3.586250
-1.098200 	 -0.814850 	 2.379250
-2.265200 	 -0.508850 	 2.084250
-0.516200 	 -0.829850 	 4.809249
-0.051200 	 -0.404850 	 1.680250
-0.198200 	 0.490150 	 0.536250
-0.412200 	 -0.267850 	 -0.759750
-1.271200 	 0.075150 	 -1.564750
1.034801 	 1.375150 	 0.401250
0.390800 	 -1.296850 	 -0.974750
0.487800 	 -1.903850 	 -2.304750
-0.201200 	 -3.254850 	 -2.460750
-0.220200 	 -3.810850 	 -3.563750
1.957799 	 -2.035850 	 -2.696750
-3.649200 	 1.534150 	 -1.015750
0.906800 	 2.490150 	 -0.629750
2.187801 	 3.286151 	 -0.660750
2.070800 	 4.559149 	 -1.488750
1.352800 	 5.653149 	 -0.725750

R K W
-0.048400 	 -2.947750 	 3.401001
-1.162400 	 -2.026750 	 3.618000
-1.450400 	 -1.134750 	 2.411000
-2.617400 	 -0.828750 	 2.116000
-0.868400 	 -1.149750 	 4.840999
-0.403400 	 -0.724750 	 1.712000
-0.550400 	 0.170250 	 0.568000
-0.764400 	 -0.587750 	 -0.728000
-1.623400 	 -0.244750 	 -1.533000
0.682601 	 1.055250 	 0.433000
0.038600 	 -1.616750 	 -0.943000
0.135600 	 -2.223750 	 -2.273000
-0.553400 	 -3.574750 	 -2.429000
-0.572400 	 -4.130750 	 -3.532000
1.605599 	 -2.355750 	 -2.665000
3.042599 	 7.612251 	 -1.619000
0.554600 	 2.170250 	 -0.598000
1.835601 	 2.966251 	 -0.629000
1.718600 	 4.239249 	 -1.457000
1.000600 	 5.333249 	 -0.694000

R G G
-2.311012 	 -0.453483 	 -3.506993
-0.916011 	 -0.242483 	 -3.087993
-0.705013 	 0.619517 	 -1.883993
-1.615013 	 0.893517 	 -1.197992
-0.085014 	 0.223517 	 -4.212993
0.568985 	 0.952517 	 -1.629993
0.952988 	 1.409517 	 -0.311993
0.944985 	 0.209517 	 0.611008
0.462986 	 -0.862483 	 0.240007
0.230155 	 2.144514 	 0.042113
1.487988 	 0.367517 	 1.811006
1.427987 	 -0.703483 	 2.790007
0.019986 	 -0.871483 	 3.321007
-0.849014 	 -0.043482 	 3.040007
2.103030 	 -0.478757 	 3.615788
-1.718013 	 -3.164483 	 0.361008

N H R
0.154285 	 -5.470667 	 0.017142
-0.942715 	 -4.540667 	 -0.163857
-0.523715 	 -3.184667 	 0.397143
-0.307715 	 -3.048667 	 1.602143
-2.193715 	 -5.073667 	 0.529143
-0.386713 	 -2.205667 	 -0.494857
0.122285 	 -0.872667 	 -0.178857
-1.049714 	 0.092334 	 -0.090858
-1.913714 	 0.077333 	 -0.960857
1.106287 	 -0.430666 	 -1.275857
-1.075715 	 0.929334 	 0.945144
-2.189714 	 1.850333 	 1.162143
-2.477714 	 2.742333 	 -0.044857
-3.644715 	 3.048333 	 -0.339857
-1.895714 	 2.727334 	 2.385142
5.204286 	 4.148333 	 0.273143
1.881286 	 0.817333 	 -0.958858
1.321285 	 2.080334 	 -0.999857
3.185285 	 0.994333 	 -0.639857
2.242286 	 2.975333 	 -0.689857
3.384286 	 2.344333 	 -0.472857

N H R
0.630999 	 -5.249286 	 0.069285
-0.466001 	 -4.319286 	 -0.111715
-0.047000 	 -2.963286 	 0.449286
0.168999 	 -2.827286 	 1.654286
-1.717000 	 -4.852286 	 0.581286
0.090001 	 -1.984286 	 -0.442714
0.599000 	 -0.651286 	 -0.126714
-0.572999 	 0.313715 	 -0.038715
-1.437000 	 0.298714 	 -0.908715
1.583001 	 -0.209285 	 -1.223714
-0.599000 	 1.150714 	 0.997287
-1.713000 	 2.071714 	 1.214286
-2.001000 	 2.963714 	 0.007286
-3.168000 	 3.269714 	 -0.287714
-1.419000 	 2.948715 	 2.437285
-4.330000 	 -0.279286 	 -0.769715
2.358000 	 1.038714 	 -0.906715
1.797999 	 2.301714 	 -0.947714
3.661999 	 1.215714 	 -0.587714
2.719001 	 3.196714 	 -0.637715
3.861001 	 2.565714 	 -0.420715

D R A
4.623592 	 -2.396682 	 -0.354363
3.610591 	 -2.006682 	 0.625636
2.662591 	 -0.979682 	 0.027636
3.066590 	 -0.153682 	 -0.808364
4.243591 	 -1.393682 	 1.887636
1.412591 	 -0.987682 	 0.480637
0.490590 	 0.055318 	 0.058637
0.222591 	 0.998318 	 1.236636
0.134591 	 0.574318 	 2.395637
-0.795409 	 -0.539682 	 -0.509363
0.162591 	 2.286318 	 0.923636
0.017591 	 3.330318 	 1.930636
-1.165410 	 4.211318 	 1.578636
-1.295409 	 4.659318 	 0.445637
1.284591 	 4.163318 	 2.022636
0.644592 	 -2.879682 	 2.557636
-0.598409 	 -1.069682 	 -1.929363
-1.871409 	 -1.012682 	 -2.749364
-2.933410 	 -1.777682 	 -2.109364
-4.213409 	 -1.714682 	 -2.456364
-4.597409 	 -0.915682 	 -3.447364
-5.106409 	 -2.450682 	 -1.807364

D R A
4.817364 	 -2.574000 	 0.022227
3.804364 	 -2.184000 	 1.002227
2.856364 	 -1.157000 	 0.404227
3.260363 	 -0.331000 	 -0.431773
4.437363 	 -1.571000 	 2.264227
1.606364 	 -1.165000 	 0.857227
0.684363 	 -0.122000 	 0.435228
0.416363 	 0.821000 	 1.613227
0.328364 	 0.397000 	 2.772227
-0.601636 	 -0.717000 	 -0.132772
0.356364 	 2.109000 	 1.300227
0.211363 	 3.153000 	 2.307227
-0.971637 	 4.034000 	 1.955227
-1.101636 	 4.482000 	 0.822228
1.478364 	 3.986000 	 2.399227
-3.424636 	 0.844000 	 -5.350773
-0.404636 	 -1.247000 	 -1.552772
-1.677636 	 -1.190000 	 -2.372773
-2.739637 	 -1.955000 	 -1.732773
-4.019637 	 -1.892000 	 -2.079773
-4.403636 	 -1.093000 	 -3.070773
-4.912636 	 -2.628000 	 -1.430773

D D Q
1.366791 	 -3.195211 	 2.197526
0.944790 	 -2.123211 	 3.110526
0.523789 	 -0.846211 	 2.377526
-0.028209 	 0.074789 	 2.971526
2.060788 	 -1.801211 	 4.113526
0.794789 	 -0.784210 	 1.083526
0.418789 	 0.386790 	 0.309525
0.142788 	 -0.042211 	 -1.122474
0.762791 	 0.471790 	 -2.061473
1.519791 	 1.455790 	 0.366527
-0.794212 	 -0.981210 	 -1.276473
-1.148212 	 -1.492211 	 -2.597474
-1.720211 	 -0.391211 	 -3.473474
-2.527210 	 0.435789 	 -3.030473
-2.158210 	 -2.645210 	 -2.516473
-2.739212 	 1.736789 	 -0.603475
0.994790 	 2.871789 	 0.112527
-0.235210 	 3.060789 	 -0.011474
1.820790 	 3.807789 	 0.050527

D Q E
2.082300 	 0.354350 	 3.819349
1.706300 	 1.525350 	 3.045349
1.430299 	 1.096350 	 1.613350
2.050302 	 1.610350 	 0.674351
2.807302 	 2.594350 	 3.102350
0.493299 	 0.157350 	 1.459351
0.139299 	 -0.353650 	 0.138350
-0.432700 	 0.747350 	 -0.737650
-1.239699 	 1.574350 	 -0.294649
-0.870700 	 -1.506650 	 0.219351
0.014299 	 0.750350 	 -1.981649
-0.537699 	 1.608350 	 -3.006651
-1.232699 	 0.692350 	 -4.003650
-0.660700 	 -0.308650 	 -4.425650
0.553300 	 2.443350 	 -3.670650
-1.451701 	 2.875350 	 2.132349
-0.304701 	 -2.847650 	 0.679350
-1.285700 	 -4.000650 	 0.481350
-2.487700 	 -3.866650 	 0.731350
-0.772700 	 -5.145650 	 0.024349

D Q E
2.171350 	 0.609800 	 3.781399
1.795350 	 1.780800 	 3.007399
1.519349 	 1.351800 	 1.575400
2.139352 	 1.865800 	 0.636401
2.896352 	 2.849800 	 3.064400
0.582349 	 0.412800 	 1.421401
0.228349 	 -0.098200 	 0.100400
-0.343650 	 1.002800 	 -0.775600
-1.150649 	 1.829800 	 -0.332599
-0.781650 	 -1.251200 	 0.181401
0.103349 	 1.005800 	 -2.019599
-0.448649 	 1.863800 	 -3.044601
-1.143649 	 0.947800 	 -4.041600
-0.571651 	 -0.053200 	 -4.463600
0.642350 	 2.698800 	 -3.708600
-3.143649 	 -1.978200 	 2.853400
-0.215652 	 -2.592200 	 0.641400
-1.196651 	 -3.745200 	 0.443400
-2.398650 	 -3.611200 	 0.693400
-0.683650 	 -4.890200 	 -0.013601

D Q E
1.904250 	 0.746350 	 3.966199
1.528250 	 1.917350 	 3.192199
1.252249 	 1.488350 	 1.760200
1.872252 	 2.002350 	 0.821201
2.629252 	 2.986350 	 3.249200
0.315249 	 0.549350 	 1.606201
-0.038751 	 0.038350 	 0.285199
-0.610750 	 1.139350 	 -0.590800
-1.417749 	 1.966350 	 -0.147799
-1.048750 	 -1.114650 	 0.366201
-0.163751 	 1.142350 	 -1.834799
-0.715749 	 2.000350 	 -2.859801
-1.410749 	 1.084350 	 -3.856800
-0.838750 	 0.083350 	 -4.278800
0.375250 	 2.835350 	 -3.523801
1.931250 	 -4.572650 	 -0.657799
-0.482751 	 -2.455650 	 0.826200
-1.463750 	 -3.608650 	 0.628200
-2.665750 	 -3.474650 	 0.878200
-0.950750 	 -4.753650 	 0.171199

Q E L
1.155899 	 -1.377100 	 5.066701
0.801899 	 -1.888100 	 3.745699
0.229900 	 -0.787100 	 2.869700
-0.577099 	 0.039900 	 3.312701
-0.208100 	 -3.041100 	 3.826701
0.676899 	 -0.784100 	 1.625701
0.124901 	 0.073900 	 0.600699
-0.570099 	 -0.842100 	 -0.396300
0.001900 	 -1.843100 	 -0.818300
1.215900 	 0.908900 	 -0.063301
-1.814100 	 -0.523100 	 -0.736300
-2.615099 	 -1.371100 	 -1.626300
-2.869101 	 -0.698100 	 -2.955300
-3.122099 	 0.506900 	 -2.998300
-3.966099 	 -1.694100 	 -0.991300
4.662899 	 2.413900 	 -3.985300
0.685901 	 1.917900 	 -1.036300
1.778900 	 2.771900 	 -1.651300
2.729900 	 2.201900 	 -2.227300
1.676899 	 4.013900 	 -1.562300

Q E L
1.405649 	 -1.535450 	 4.907900
1.051649 	 -2.046450 	 3.586899
0.479650 	 -0.945450 	 2.710900
-0.327349 	 -0.118450 	 3.153901
0.041650 	 -3.199450 	 3.667901
0.926649 	 -0.942450 	 1.466900
0.374651 	 -0.084450 	 0.441899
-0.320349 	 -1.000450 	 -0.555100
0.251649 	 -2.001450 	 -0.977100
1.465650 	 0.750550 	 -0.222101
-1.564351 	 -0.681450 	 -0.895100
-2.365349 	 -1.529450 	 -1.785100
-2.619351 	 -0.856450 	 -3.114100
-2.872349 	 0.348550 	 -3.157100
-3.716349 	 -1.852450 	 -1.150100
-0.082350 	 5.422550 	 -0.968100
0.935651 	 1.759550 	 -1.195100
2.028650 	 2.613550 	 -1.810100
2.979650 	 2.043550 	 -2.386100
1.926649 	 3.855550 	 -1.721100

Q E L
1.304099 	 -1.575800 	 5.039250
0.950099 	 -2.086800 	 3.718249
0.378100 	 -0.985800 	 2.842250
-0.428899 	 -0.158800 	 3.285251
-0.059900 	 -3.239800 	 3.799251
0.825099 	 -0.982800 	 1.598250
0.273100 	 -0.124800 	 0.573249
-0.421899 	 -1.040800 	 -0.423750
0.150099 	 -2.041800 	 -0.845750
1.364100 	 0.710200 	 -0.090751
-1.665901 	 -0.721800 	 -0.763750
-2.466899 	 -1.569800 	 -1.653750
-2.720901 	 -0.896800 	 -2.982750
-2.973899 	 0.308200 	 -3.025750
-3.817899 	 -1.892800 	 -1.018750
1.847102 	 6.189200 	 -3.463750
0.834101 	 1.719200 	 -1.063750
1.927100 	 2.573200 	 -1.678750
2.878100 	 2.003200 	 -2.254750
1.825099 	 3.815200 	 -1.589750

Q E L
1.142799 	 -1.335150 	 4.875850
0.788799 	 -1.846150 	 3.554849
0.216800 	 -0.745150 	 2.678850
-0.590199 	 0.081850 	 3.121851
-0.221200 	 -2.999150 	 3.635851
0.663799 	 -0.742150 	 1.434851
0.111801 	 0.115850 	 0.409849
-0.583199 	 -0.800150 	 -0.587150
-0.011201 	 -1.801150 	 -1.009150
1.202800 	 0.950850 	 -0.254151
-1.827201 	 -0.481150 	 -0.927150
-2.628199 	 -1.329150 	 -1.817150
-2.882201 	 -0.656150 	 -3.146150
-3.135199 	 0.548850 	 -3.189150
-3.979199 	 -1.652150 	 -1.182150
4.911800 	 1.616850 	 -0.359150
0.672801 	 1.959850 	 -1.227150
1.765800 	 2.813850 	 -1.842150
2.716800 	 2.243850 	 -2.418150
1.663799 	 4.055850 	 -1.753150

E K V
-0.241499 	 4.701300 	 0.676651
-0.507500 	 3.477300 	 1.411649
-0.314499 	 2.307300 	 0.455650
-0.676501 	 2.392300 	 -0.712349
-1.918499 	 3.497300 	 1.990650
0.254499 	 1.216300 	 0.948650
0.487501 	 0.066300 	 0.091650
-0.818501 	 -0.627700 	 -0.290350
-1.731501 	 -0.791700 	 0.536649
1.450500 	 -0.922700 	 0.756651
-0.868500 	 -1.000700 	 -1.567351
-1.975500 	 -1.656700 	 -2.265351
-3.149500 	 -0.721700 	 -2.443350
-3.138500 	 0.077300 	 -3.388350
-2.405501 	 -2.942700 	 -1.564350
0.981500 	 1.298300 	 3.809650
1.891500 	 -2.039700 	 -0.186350
2.965500 	 -2.941700 	 0.414650
4.282499 	 -2.217700 	 0.610651
5.432501 	 -3.170700 	 0.714651

H R K
2.332228 	 -4.651000 	 -0.791727
2.841227 	 -3.318000 	 -0.475727
1.669228 	 -2.353000 	 -0.387728
0.805228 	 -2.368000 	 -1.257728
3.825228 	 -2.875999 	 -1.572727
1.643227 	 -1.516000 	 0.648274
0.529228 	 -0.595000 	 0.865273
0.241227 	 0.297000 	 -0.341727
-0.925773 	 0.603000 	 -0.636727
0.823227 	 0.282000 	 2.088272
1.288227 	 0.707000 	 -1.040728
1.141227 	 1.602000 	 -2.184728
0.927227 	 0.844000 	 -3.480727
0.068227 	 1.187000 	 -4.285727
2.374228 	 2.487000 	 -2.319727
-3.341773 	 -0.595000 	 -0.301727
-0.237773 	 1.329000 	 2.391274
-1.556773 	 0.686000 	 2.811272
-2.500773 	 1.721000 	 3.221274
-3.609773 	 2.058000 	 2.564272
-3.976773 	 1.418000 	 1.456272
-4.359773 	 3.051000 	 3.031273

H R K
2.505183 	 -4.795591 	 -0.892091
3.014181 	 -3.462591 	 -0.576091
1.842182 	 -2.497591 	 -0.488091
0.978182 	 -2.512591 	 -1.358091
3.998183 	 -3.020590 	 -1.673091
1.816181 	 -1.660591 	 0.547910
0.702182 	 -0.739591 	 0.764909
0.414182 	 0.152409 	 -0.442091
-0.752819 	 0.458409 	 -0.737091
0.996182 	 0.137410 	 1.987909
1.461182 	 0.562409 	 -1.141091
1.314182 	 1.457409 	 -2.285091
1.100182 	 0.699409 	 -3.581091
0.241182 	 1.042409 	 -4.386091
2.547182 	 2.342409 	 -2.420091
-6.973818 	 2.441409 	 1.805909
-0.064818 	 1.184409 	 2.290910
-1.383818 	 0.541409 	 2.710908
-2.327819 	 1.576409 	 3.120910
-3.436819 	 1.913409 	 2.463908
-3.803818 	 1.273409 	 1.355909
-4.186819 	 2.906409 	 2.930909

K R L
-3.924727 	 -0.961227 	 -3.372363
-3.557727 	 0.046773 	 -2.386363
-2.497727 	 -0.492228 	 -1.450363
-2.556727 	 -1.658227 	 -1.028363
-4.781728 	 0.499773 	 -1.573364
-1.532727 	 0.358772 	 -1.119364
-0.451728 	 -0.008227 	 -0.206364
-0.650727 	 0.722773 	 1.105636
-0.808728 	 1.947773 	 1.115637
0.909272 	 0.330772 	 -0.818363
-0.667727 	 -0.031227 	 2.197636
-0.991727 	 0.546773 	 3.502637
-0.347728 	 -0.221228 	 4.647637
-0.083728 	 -1.419228 	 4.549636
-2.511727 	 0.590773 	 3.690636
1.155273 	 3.710773 	 1.734636
2.095273 	 0.123773 	 0.105636
3.403274 	 0.224772 	 -0.684364
3.492274 	 -0.901227 	 -1.604364
4.453273 	 -1.078227 	 -2.501364
4.427272 	 -2.149227 	 -3.278363
5.429271 	 -0.183227 	 -2.626364

K R L
-4.161636 	 -0.880546 	 -3.252545
-3.794636 	 0.127455 	 -2.266545
-2.734636 	 -0.411546 	 -1.330545
-2.793636 	 -1.577545 	 -0.908545
-5.018637 	 0.580455 	 -1.453545
-1.769636 	 0.439454 	 -0.999546
-0.688637 	 0.072454 	 -0.086546
-0.887636 	 0.803454 	 1.225455
-1.045637 	 2.028455 	 1.235455
0.672363 	 0.411454 	 -0.698545
-0.904636 	 0.049455 	 2.317455
-1.228636 	 0.627455 	 3.622455
-0.584637 	 -0.140546 	 4.767455
-0.320637 	 -1.338546 	 4.669454
-2.748636 	 0.671454 	 3.810455
6.130365 	 2.016455 	 -0.781545
1.858364 	 0.204454 	 0.225455
3.166365 	 0.305454 	 -0.564545
3.255365 	 -0.820545 	 -1.484546
4.216364 	 -0.997545 	 -2.381546
4.190363 	 -2.068545 	 -3.158545
5.192362 	 -0.102546 	 -2.506546

K R L
-4.159682 	 -0.628364 	 -3.047409
-3.792681 	 0.379637 	 -2.061409
-2.732682 	 -0.159364 	 -1.125409
-2.791682 	 -1.325363 	 -0.703409
-5.016682 	 0.832637 	 -1.248409
-1.767682 	 0.691636 	 -0.794410
-0.686682 	 0.324636 	 0.118591
-0.885682 	 1.055636 	 1.430591
-1.043683 	 2.280637 	 1.440591
0.674318 	 0.663636 	 -0.493409
-0.902682 	 0.301637 	 2.522591
-1.226681 	 0.879637 	 3.827591
-0.582682 	 0.111636 	 4.972592
-0.318682 	 -1.086364 	 4.874590
-2.746682 	 0.923636 	 4.015591
6.089317 	 -3.279364 	 -5.089409
1.860319 	 0.456636 	 0.430591
3.168319 	 0.557636 	 -0.359409
3.257320 	 -0.568363 	 -1.279409
4.218319 	 -0.745363 	 -2.176409
4.192318 	 -1.816363 	 -2.953409
5.194316 	 0.149636 	 -2.301409

K W G
-1.410095 	 1.162334 	 3.535079
-1.557095 	 2.057334 	 2.391079
-1.771095 	 1.299334 	 1.095080
-2.630095 	 1.642334 	 0.290080
-0.324094 	 2.942334 	 2.256080
-0.968095 	 0.270334 	 0.880080
-0.871095 	 -0.336666 	 -0.449920
-1.560095 	 -1.687666 	 -0.605920
-1.579095 	 -2.243666 	 -1.708920
0.598904 	 -0.468666 	 -0.841920
-2.143095 	 -2.203666 	 0.467080
-2.837095 	 -3.475666 	 0.402080
-1.894095 	 -4.663666 	 0.472080
-0.834095 	 -4.593666 	 1.090080
-3.414720 	 -3.526017 	 -0.520912
-2.119095 	 -4.169666 	 -3.300920
1.249905 	 0.863334 	 -1.069920
0.800906 	 1.866334 	 -1.879921
2.465905 	 1.319334 	 -0.490921
1.666905 	 2.929334 	 -1.825921
2.704905 	 2.616334 	 -0.985920
3.381905 	 0.756334 	 0.400079
3.828906 	 3.364334 	 -0.620921
4.500905 	 1.493334 	 0.765080
4.713906 	 2.786334 	 0.258080

K W G
-1.569815 	 0.777734 	 3.526199
-1.716815 	 1.672734 	 2.382199
-1.930815 	 0.914734 	 1.086200
-2.789815 	 1.257734 	 0.281200
-0.483814 	 2.557734 	 2.247200
-1.127815 	 -0.114266 	 0.871200
-1.030815 	 -0.721266 	 -0.458800
-1.719815 	 -2.072266 	 -0.614800
-1.738815 	 -2.628266 	 -1.717800
0.439184 	 -0.853266 	 -0.850800
-2.302815 	 -2.588266 	 0.458200
-2.996815 	 -3.860266 	 0.393200
-2.053815 	 -5.048266 	 0.463200
-0.993815 	 -4.978266 	 1.081200
-3.574440 	 -3.910617 	 -0.529792
1.714186 	 5.060734 	 -3.087800
1.090185 	 0.478734 	 -1.078800
0.641186 	 1.481734 	 -1.888801
2.306185 	 0.934734 	 -0.499801
1.507185 	 2.544734 	 -1.834801
2.545185 	 2.231734 	 -0.994800
3.222185 	 0.371734 	 0.391199
3.669185 	 2.979734 	 -0.629801
4.341184 	 1.108734 	 0.756200
4.554186 	 2.401734 	 0.249200

G D R
3.142394 	 -0.462629 	 -2.687232
1.956395 	 -1.257628 	 -2.949232
0.837396 	 -1.038629 	 -1.948232
-0.312606 	 -1.372628 	 -2.227232
2.225891 	 -2.313687 	 -2.963825
1.181396 	 -0.500628 	 -0.778232
0.168395 	 -0.110629 	 0.201768
-0.779605 	 0.916371 	 -0.396232
-0.375606 	 1.742371 	 -1.232232
0.801394 	 0.502371 	 1.463768
-2.029605 	 0.908371 	 0.056768
-2.951606 	 1.951371 	 -0.365232
-3.219605 	 2.894372 	 0.812768
-3.307605 	 2.470371 	 1.971768
-4.237605 	 1.356371 	 -0.933232
1.963395 	 -3.386629 	 4.169769
1.470395 	 -0.509629 	 2.357769
1.375396 	 -1.731628 	 2.105768
2.091395 	 -0.057629 	 3.340769

G D D
1.382838 	 -2.592573 	 -2.096601
0.068839 	 -2.864573 	 -1.537601
-0.471162 	 -1.766573 	 -0.632603
-1.683164 	 -1.668573 	 -0.423603
0.099928 	 -3.803691 	 -0.985161
0.415839 	 -0.926573 	 -0.101603
-0.006162 	 0.145427 	 0.811398
-0.427163 	 1.422427 	 0.078398
-0.979161 	 2.343427 	 0.672398
1.109835 	 0.467427 	 1.814398
-0.156163 	 1.484427 	 -1.215603
-0.532163 	 2.655427 	 -1.989603
-0.808164 	 2.226427 	 -3.421602
-0.188161 	 2.740427 	 -4.360601
0.568839 	 3.724428 	 -1.932602
-1.849164 	 -1.295573 	 5.479399
1.144835 	 -0.510573 	 2.976398
0.138839 	 -1.235573 	 3.169397
2.170836 	 -0.545573 	 3.695398

G T V
-4.017478 	 2.379083 	 0.937217
-2.944478 	 2.187083 	 -0.022783
-2.057477 	 1.033083 	 0.395216
-2.229478 	 0.485083 	 1.468216
-2.348878 	 3.097588 	 -0.088674
-1.105478 	 0.688083 	 -0.461784
-0.226478 	 -0.455917 	 -0.234784
1.206523 	 0.021083 	 -0.027784
1.717522 	 0.813083 	 -0.824783
-0.294477 	 -1.445917 	 -1.421784
1.845523 	 -0.453917 	 1.037216
3.232522 	 -0.113917 	 1.299216
4.149522 	 -0.703917 	 0.226216
4.166522 	 -1.922917 	 0.015216
3.672522 	 -0.620917 	 2.690216
-3.825477 	 -0.418917 	 -2.211784
-1.631479 	 -1.956917 	 -1.538784
0.690522 	 -2.610917 	 -1.235784

G T V
-4.093367 	 2.607527 	 0.942939
-3.020367 	 2.415528 	 -0.017061
-2.133366 	 1.261527 	 0.400938
-2.305367 	 0.713527 	 1.473938
-2.424767 	 3.326032 	 -0.082952
-1.181366 	 0.916527 	 -0.456061
-0.302367 	 -0.227472 	 -0.229062
1.130634 	 0.249528 	 -0.022061
1.641634 	 1.041527 	 -0.819061
-0.370366 	 -1.217472 	 -1.416061
1.769634 	 -0.225472 	 1.042938
3.156633 	 0.114528 	 1.304938
4.073633 	 -0.475472 	 0.231938
4.090633 	 -1.694472 	 0.020938
3.596633 	 -0.392472 	 2.695938
-2.535366 	 -4.302472 	 -2.309062
-1.707367 	 -1.728472 	 -1.533062
0.614633 	 -2.382472 	 -1.230062

G W K
2.644845 	 -2.008419 	 3.887721
1.719844 	 -0.958419 	 3.492721
1.126845 	 -1.155419 	 2.100720
0.632844 	 -2.233419 	 1.749720
2.227735 	 0.005064 	 3.535694
1.183844 	 -0.105419 	 1.292722
0.611844 	 -0.151419 	 -0.047278
1.457845 	 -0.984419 	 -1.009278
2.681844 	 -1.009419 	 -0.914279
0.451844 	 1.265581 	 -0.593278
0.784844 	 -1.642419 	 -1.950278
1.434844 	 -2.495419 	 -2.938279
0.909844 	 -2.181419 	 -4.325278
-0.253156 	 -1.839419 	 -4.490279
1.178845 	 -3.975419 	 -2.639279
4.289845 	 -2.343419 	 1.155721
-0.610156 	 2.062581 	 0.091721
-0.427156 	 3.002581 	 1.071721
-2.011155 	 2.010581 	 -0.159278
-1.638156 	 3.527581 	 1.446721
-2.627156 	 2.940581 	 0.705722
-2.817155 	 1.262581 	 -1.032279
-4.005155 	 3.136581 	 0.728721
-4.182155 	 1.467581 	 -1.017280
-4.766156 	 2.402581 	 -0.143279

G W K
2.903125 	 -2.338299 	 3.806001
1.978124 	 -1.288299 	 3.411000
1.385125 	 -1.485299 	 2.019000
0.891124 	 -2.563299 	 1.668000
2.486015 	 -0.324816 	 3.453974
1.442124 	 -0.435299 	 1.211002
0.870124 	 -0.481299 	 -0.128999
1.716125 	 -1.314299 	 -1.090998
2.940124 	 -1.339299 	 -0.995999
0.710124 	 0.935701 	 -0.674998
1.043124 	 -1.972299 	 -2.031998
1.693124 	 -2.825299 	 -3.019999
1.168124 	 -2.511299 	 -4.406998
0.005124 	 -2.169299 	 -4.571999
1.437125 	 -4.305299 	 -2.720999
-1.908875 	 5.573701 	 3.117002
-0.351876 	 1.732701 	 0.010001
-0.168876 	 2.672701 	 0.990001
-1.752875 	 1.680701 	 -0.240998
-1.379876 	 3.197701 	 1.365001
-2.368876 	 2.610701 	 0.624002
-2.558875 	 0.932701 	 -1.113999
-3.746875 	 2.806701 	 0.647001
-3.923875 	 1.137701 	 -1.099000
-4.507876 	 2.072701 	 -0.224999

G W K
2.618685 	 -2.016699 	 4.024921
1.693684 	 -0.966699 	 3.629921
1.100685 	 -1.163699 	 2.237920
0.606684 	 -2.241699 	 1.886921
2.201575 	 -0.003216 	 3.672894
1.157684 	 -0.113699 	 1.429922
0.585684 	 -0.159699 	 0.089922
1.431685 	 -0.992699 	 -0.872078
2.655684 	 -1.017699 	 -0.777079
0.425684 	 1.257301 	 -0.456078
0.758684 	 -1.650699 	 -1.813078
1.408684 	 -2.503699 	 -2.801079
0.883684 	 -2.189699 	 -4.188078
-0.279316 	 -1.847699 	 -4.353079
1.152685 	 -3.983699 	 -2.502079
4.917685 	 -2.144699 	 -2.137080
-0.636316 	 2.054301 	 0.228921
-0.453316 	 2.994301 	 1.208921
-2.037315 	 2.002301 	 -0.022078
-1.664316 	 3.519301 	 1.583921
-2.653316 	 2.932301 	 0.842922
-2.843315 	 1.254301 	 -0.895079
-4.031315 	 3.128301 	 0.865921
-4.208315 	 1.459301 	 -0.880080
-4.792316 	 2.394301 	 -0.006079

G I K
-3.953401 	 0.432745 	 -2.440663
-2.587400 	 -0.002254 	 -2.649663
-1.872399 	 -0.312255 	 -1.351663
-2.519401 	 -0.560255 	 -0.324663
-2.039800 	 0.770581 	 -3.189071
-0.542399 	 -0.305255 	 -1.404663
0.293599 	 -0.685255 	 -0.264663
0.609599 	 0.520746 	 0.617337
1.010600 	 1.596746 	 0.118337
1.606601 	 -1.326255 	 -0.738663
0.406600 	 0.345745 	 1.917338
0.773601 	 1.353746 	 2.903338
1.833600 	 0.814745 	 3.839337
1.774600 	 -0.351254 	 4.261337
-0.450400 	 1.806746 	 3.716337
-0.750400 	 3.222745 	 -1.566663
1.323600 	 -2.559254 	 -1.603663
2.502601 	 -1.686254 	 0.447337
2.580600 	 -3.076255 	 -2.286663

G I K
-4.058980 	 0.389693 	 -2.470347
-2.692978 	 -0.045307 	 -2.679347
-1.977978 	 -0.355307 	 -1.381347
-2.624979 	 -0.603307 	 -0.354347
-2.145379 	 0.727528 	 -3.218755
-0.647978 	 -0.348307 	 -1.434347
0.188020 	 -0.728307 	 -0.294347
0.504020 	 0.477693 	 0.587653
0.905021 	 1.553693 	 0.088653
1.501022 	 -1.369307 	 -0.768347
0.301021 	 0.302693 	 1.887653
0.668022 	 1.310693 	 2.873653
1.728021 	 0.771693 	 3.809653
1.669021 	 -0.394307 	 4.231653
-0.555979 	 1.763693 	 3.686653
1.150020 	 3.997692 	 -1.032347
1.218021 	 -2.602307 	 -1.633347
2.397022 	 -1.729307 	 0.417653
2.475021 	 -3.119307 	 -2.316347

G I G
-1.119419 	 4.333676 	 0.915362
-1.813419 	 3.061676 	 0.850362
-0.870420 	 1.873676 	 0.920362
0.189581 	 1.943676 	 1.538362
-2.391045 	 3.011325 	 -0.072629
-1.255420 	 0.776676 	 0.286362
-0.475420 	 -0.447324 	 0.416362
0.570579 	 -0.553324 	 -0.682638
0.266581 	 -0.380324 	 -1.865638
-1.379419 	 -1.695324 	 0.394362
1.809580 	 -0.823324 	 -0.288637
2.882580 	 -1.015324 	 -1.248638
3.769581 	 -2.169324 	 -0.830638
3.597580 	 -2.717324 	 0.242362
3.478180 	 -0.104819 	 -1.314528
-1.095420 	 2.367676 	 -2.852638
-2.288420 	 -1.700324 	 1.620362
-0.536420 	 -2.956324 	 0.376362
-3.339419 	 -2.805324 	 1.595362

G I G
-0.973156 	 4.419518 	 0.814678
-1.667156 	 3.147518 	 0.749678
-0.724156 	 1.959518 	 0.819678
0.335844 	 2.029518 	 1.437678
-2.244782 	 3.097168 	 -0.173314
-1.109157 	 0.862518 	 0.185678
-0.329157 	 -0.361482 	 0.315678
0.716843 	 -0.467482 	 -0.783322
0.412844 	 -0.294482 	 -1.966322
-1.233156 	 -1.609482 	 0.293678
1.955843 	 -0.737482 	 -0.389322
3.028843 	 -0.929482 	 -1.349322
3.915844 	 -2.083482 	 -0.931322
3.743843 	 -2.631482 	 0.141677
3.624443 	 -0.018977 	 -1.415212
-3.728156 	 0.822518 	 -1.040322
-2.142157 	 -1.614482 	 1.519678
-0.390157 	 -2.870482 	 0.275678
-3.193156 	 -2.719482 	 1.494678

G I G
-1.099788 	 4.572202 	 0.941467
-1.793788 	 3.300203 	 0.876468
-0.850788 	 2.112202 	 0.946467
0.209212 	 2.182203 	 1.564467
-2.371413 	 3.249852 	 -0.046524
-1.235788 	 1.015202 	 0.312468
-0.455789 	 -0.208798 	 0.442468
0.590211 	 -0.314798 	 -0.656532
0.286212 	 -0.141798 	 -1.839533
-1.359788 	 -1.456798 	 0.420467
1.829211 	 -0.584798 	 -0.262532
2.902211 	 -0.776798 	 -1.222532
3.789212 	 -1.930798 	 -0.804533
3.617211 	 -2.478798 	 0.268467
3.497811 	 0.133707 	 -1.288423
-1.448788 	 -1.925797 	 -3.322533
-2.268788 	 -1.461797 	 1.646467
-0.516788 	 -2.717798 	 0.402468
-3.319788 	 -2.566797 	 1.621468

P S P
0.758059 	 -2.583235 	 3.404000
0.229060 	 -2.705235 	 2.043000
0.151059 	 -1.364235 	 1.319000
0.100058 	 -0.301235 	 1.939000
-1.163942 	 -3.286235 	 2.271000
0.176058 	 -1.429235 	 -0.004000
0.056059 	 -0.247235 	 -0.842000
-1.121942 	 0.623765 	 -0.412000
-2.186941 	 0.104765 	 -0.080000
-0.102941 	 -0.677236 	 -2.297000
-0.948942 	 1.953765 	 -0.437000
0.229060 	 2.680764 	 -0.908000
1.214058 	 3.089765 	 0.185000
2.028059 	 3.972765 	 -0.069000
-0.384941 	 3.936765 	 -1.524000
1.128058 	 -4.204235 	 -1.431000
-0.159940 	 0.435764 	 -3.157000

P I E
1.234316 	 4.175105 	 0.420473
-0.160685 	 3.831106 	 0.709473
-0.566685 	 2.584105 	 -0.072527
-1.438684 	 2.651105 	 -0.941526
-0.921684 	 5.073105 	 0.235474
0.103315 	 1.470106 	 0.222473
-0.110683 	 0.215105 	 -0.491525
-0.393684 	 -0.928895 	 0.470474
0.130316 	 -0.973895 	 1.590473
1.109316 	 -0.160895 	 -1.374527
-1.235683 	 -1.846895 	 0.019474
-1.501684 	 -3.070895 	 0.754473
-1.308683 	 -4.240895 	 -0.201526
-1.670685 	 -4.155895 	 -1.369526
-2.912683 	 -3.050895 	 1.333473
2.324316 	 -1.632895 	 3.053475
2.388315 	 -0.229895 	 -0.532526
1.280315 	 0.846105 	 -2.499527
3.651316 	 -0.553895 	 -1.326526

P I G
-3.494190 	 -0.525675 	 -2.478242
-2.316189 	 0.201324 	 -2.949242
-1.331190 	 0.610324 	 -1.856242
-0.517189 	 1.493325 	 -2.110242
-2.930189 	 1.457325 	 -3.565242
-1.395189 	 0.011324 	 -0.671242
-0.573189 	 0.512325 	 0.430758
0.901810 	 0.128324 	 0.271758
1.788811 	 0.960325 	 0.461758
-1.103190 	 0.014325 	 1.780758
1.161810 	 -1.123676 	 -0.084242
2.527811 	 -1.558675 	 -0.293242
3.242811 	 -1.868676 	 1.004758
2.595810 	 -2.116676 	 2.031759
3.075410 	 -0.785840 	 -0.832650
4.364811 	 1.666324 	 0.789758
-2.541189 	 0.506324 	 1.967758
-0.214190 	 0.492324 	 2.928758
-3.243189 	 -0.074676 	 3.172758

P I G
-3.325085 	 -0.629991 	 -2.481031
-2.147084 	 0.097008 	 -2.952031
-1.162085 	 0.506009 	 -1.859031
-0.348084 	 1.389009 	 -2.113031
-2.761084 	 1.353009 	 -3.568031
-1.226084 	 -0.092991 	 -0.674031
-0.404084 	 0.408009 	 0.427969
1.070915 	 0.024008 	 0.268969
1.957916 	 0.856009 	 0.458969
-0.934084 	 -0.089991 	 1.777969
1.330915 	 -1.227992 	 -0.087031
2.696916 	 -1.662991 	 -0.296031
3.411916 	 -1.972991 	 1.001969
2.764915 	 -2.220992 	 2.028969
3.244516 	 -0.890156 	 -0.835440
1.320915 	 3.544009 	 0.839969
-2.372084 	 0.402009 	 1.964969
-0.045084 	 0.388009 	 2.925969
-3.074084 	 -0.178992 	 3.169969

S P I
-0.385556 	 -3.752833 	 -0.264222
-0.505555 	 -2.570833 	 -1.102222
-1.683557 	 -1.699833 	 -0.672222
-2.748555 	 -2.218833 	 -0.340222
-0.664556 	 -3.000834 	 -2.557222
-1.510556 	 -0.369833 	 -0.697222
-0.332555 	 0.357166 	 -1.168222
0.652444 	 0.766167 	 -0.075222
1.466445 	 1.649167 	 -0.329222
-0.946555 	 1.613167 	 -1.784222
0.588445 	 0.167167 	 1.109778
1.410445 	 0.668167 	 2.211778
2.885444 	 0.284166 	 2.052778
3.772445 	 1.116167 	 2.242778
0.880445 	 0.170167 	 3.561778
1.843444 	 4.360166 	 -0.872222
-2.083555 	 1.909166 	 -0.855222
-2.638556 	 0.552167 	 -0.461222

S V R
-3.135668 	 -0.401444 	 -3.828611
-1.760668 	 -0.284444 	 -3.327611
-1.816667 	 -0.044444 	 -1.841611
-2.714666 	 0.649556 	 -1.363611
-0.977667 	 0.878555 	 -3.966611
-0.844667 	 -0.599444 	 -1.122611
-0.666666 	 -0.294444 	 0.289389
0.813334 	 -0.031444 	 0.490389
1.628332 	 -0.850444 	 0.102389
-1.119667 	 -1.443444 	 1.216389
1.131335 	 1.083556 	 1.098389
2.526335 	 1.294555 	 1.517389
2.737334 	 2.156555 	 2.721389
1.827334 	 2.430556 	 3.407390
3.357332 	 1.760555 	 0.392389
2.487334 	 -3.420444 	 0.504389
-0.874666 	 -1.085444 	 2.697389
-2.597667 	 -1.798444 	 1.013389

S V R
-3.041334 	 -0.441389 	 -3.657167
-1.666334 	 -0.324389 	 -3.156167
-1.722334 	 -0.084389 	 -1.670167
-2.620333 	 0.609611 	 -1.192167
-0.883333 	 0.838611 	 -3.795167
-0.750334 	 -0.639389 	 -0.951167
-0.572332 	 -0.334389 	 0.460833
0.907667 	 -0.071389 	 0.661833
1.722666 	 -0.890389 	 0.273834
-1.025333 	 -1.483389 	 1.387833
1.225668 	 1.043611 	 1.269833
2.620668 	 1.254611 	 1.688834
2.831667 	 2.116611 	 2.892833
1.921667 	 2.390611 	 3.578834
3.451666 	 1.720611 	 0.563834
0.883665 	 -2.741389 	 -2.410166
-0.780333 	 -1.125389 	 2.868833
-2.503334 	 -1.838389 	 1.184833

W K V
-0.573950 	 2.510800 	 3.981050
-1.145950 	 2.464800 	 2.641050
-0.299950 	 1.631800 	 1.679050
0.924049 	 1.606800 	 1.774050
-1.305950 	 3.881800 	 2.095051
-0.972950 	 0.973800 	 0.738050
-0.322950 	 0.120800 	 -0.249950
-0.847950 	 0.434800 	 -1.636950
-2.010950 	 0.776800 	 -1.801950
-0.578949 	 -1.359200 	 0.049049
0.013050 	 0.303800 	 -2.630950
-0.426951 	 0.367800 	 -4.013950
-1.611950 	 -0.585200 	 -4.245950
-1.614950 	 -1.727200 	 -3.779950
0.730051 	 0.031800 	 -4.956950
4.219051 	 -2.893200 	 1.079050
-0.210949 	 -1.807200 	 1.455050
1.281050 	 -1.919200 	 1.610050
1.665050 	 -2.560200 	 2.941050
3.092049 	 -2.254200 	 3.274050

W K V
-0.489600 	 2.352500 	 3.842801
-1.061600 	 2.306500 	 2.502800
-0.215600 	 1.473500 	 1.540800
1.008399 	 1.448500 	 1.635800
-1.221600 	 3.723500 	 1.956801
-0.888600 	 0.815500 	 0.599800
-0.238600 	 -0.037500 	 -0.388200
-0.763600 	 0.276500 	 -1.775200
-1.926600 	 0.618500 	 -1.940200
-0.494599 	 -1.517500 	 -0.089201
0.097400 	 0.145500 	 -2.769200
-0.342601 	 0.209500 	 -4.152200
-1.527600 	 -0.743500 	 -4.384200
-1.530600 	 -1.885500 	 -3.918200
0.814401 	 -0.126500 	 -5.095200
2.616401 	 0.114500 	 3.705799
-0.126599 	 -1.965500 	 1.316800
1.365400 	 -2.077500 	 1.471800
1.749400 	 -2.718500 	 2.802800
3.176399 	 -2.412500 	 3.135800

W K V
-0.554250 	 2.506900 	 3.741800
-1.126250 	 2.460900 	 2.401800
-0.280250 	 1.627900 	 1.439800
0.943749 	 1.602900 	 1.534800
-1.286250 	 3.877900 	 1.855801
-0.953250 	 0.969900 	 0.498800
-0.303250 	 0.116900 	 -0.489200
-0.828250 	 0.430900 	 -1.876200
-1.991250 	 0.772900 	 -2.041200
-0.559249 	 -1.363100 	 -0.190201
0.032750 	 0.299900 	 -2.870200
-0.407250 	 0.363900 	 -4.253200
-1.592250 	 -0.589100 	 -4.485200
-1.595250 	 -1.731100 	 -4.019200
0.749751 	 0.027900 	 -5.196200
3.844750 	 -2.819100 	 5.624800
-0.191249 	 -1.811100 	 1.215800
1.300750 	 -1.923100 	 1.370800
1.684750 	 -2.564100 	 2.701800
3.111749 	 -2.258100 	 3.034800

I E K
1.965900 	 4.859500 	 -0.366350
1.751901 	 3.604500 	 -1.080349
1.468900 	 2.460500 	 -0.118349
1.992900 	 2.415500 	 1.001650
2.971900 	 3.228500 	 -1.963350
0.626901 	 1.542500 	 -0.569349
0.360900 	 0.318500 	 0.165649
0.553901 	 -0.851500 	 -0.790350
0.191899 	 -0.766500 	 -1.958349
-1.050099 	 0.338500 	 0.744650
1.122899 	 -1.942500 	 -0.297350
1.355901 	 -3.092500 	 -1.154350
0.049899 	 -3.786500 	 -1.536350
-0.863101 	 -3.950500 	 -0.709351
2.318900 	 -4.081500 	 -0.489349
-3.939100 	 2.890500 	 0.536650
-1.402100 	 -0.879500 	 1.575649
-2.795100 	 -0.790500 	 2.178650
-3.501100 	 0.212500 	 1.920650
-3.182100 	 -1.729500 	 2.909651

I K R
-1.303049 	 -2.040850 	 -3.770150
-0.467051 	 -2.420850 	 -2.630150
-0.151051 	 -1.214850 	 -1.748150
0.249950 	 -0.138850 	 -2.247150
0.845951 	 -3.061850 	 -3.104150
-0.354050 	 -1.389850 	 -0.448150
0.012951 	 -0.381850 	 0.537850
1.072950 	 -0.920850 	 1.473850
1.013950 	 -2.086850 	 1.895850
-1.211050 	 0.071150 	 1.350850
2.037950 	 -0.069850 	 1.804850
3.118950 	 -0.436850 	 2.717850
2.919950 	 0.294150 	 4.029850
2.761949 	 1.519150 	 4.039850
4.479950 	 -0.097850 	 2.105850
-4.724051 	 3.469150 	 -3.879150
-2.343050 	 0.651150 	 0.514850
-1.969050 	 1.978150 	 -0.136150
-3.162050 	 2.498150 	 -0.922150
-2.830050 	 3.780150 	 -1.586150

L L A
-0.241894 	 0.455053 	 -4.719895
-0.565894 	 1.033053 	 -3.414894
0.078105 	 0.265052 	 -2.269894
0.342105 	 -0.932948 	 -2.367895
-2.085894 	 1.077053 	 -3.226895
0.335105 	 0.961052 	 -1.173895
0.848106 	 0.284052 	 0.000105
-0.287894 	 -0.457947 	 0.675106
-1.378896 	 0.085053 	 0.833105
1.492105 	 1.277052 	 0.962104
-0.040894 	 -1.700947 	 1.082105
-1.076895 	 -2.490947 	 1.731106
-1.462895 	 -1.922947 	 3.093105
-2.608895 	 -2.027947 	 3.509105
-0.623894 	 -3.927948 	 1.883106
-2.601895 	 2.360053 	 1.515106
2.766105 	 1.920053 	 0.413105
3.325105 	 2.890052 	 1.437105
3.789106 	 0.854053 	 0.039106

L L A
-0.359789 	 0.378632 	 -4.573474
-0.683789 	 0.956632 	 -3.268473
-0.039790 	 0.188631 	 -2.123473
0.224210 	 -1.009369 	 -2.221474
-2.203789 	 1.000632 	 -3.080474
0.217210 	 0.884631 	 -1.027474
0.730211 	 0.207631 	 0.146526
-0.405789 	 -0.534368 	 0.821527
-1.496790 	 0.008632 	 0.979526
1.374210 	 1.200631 	 1.108526
-0.158789 	 -1.777368 	 1.228526
-1.194790 	 -2.567368 	 1.877527
-1.580790 	 -1.999368 	 3.239526
-2.726790 	 -2.104368 	 3.655527
-0.741789 	 -4.004369 	 2.029527
-0.479790 	 3.735631 	 -1.120474
2.648210 	 1.843632 	 0.559526
3.207210 	 2.813631 	 1.583526
3.671211 	 0.777632 	 0.185527

L A K
0.744125 	 1.715562 	 -3.645250
1.257125 	 1.038562 	 -2.471251
0.121126 	 0.296563 	 -1.796250
-0.969876 	 0.839563 	 -1.638250
1.901124 	 2.031562 	 -1.509251
0.368125 	 -0.946437 	 -1.389250
-0.667876 	 -1.736437 	 -0.740250
-1.053875 	 -1.168438 	 0.621750
-2.199875 	 -1.273437 	 1.037750
-0.214875 	 -3.173438 	 -0.588249
-0.097874 	 -0.544438 	 1.296751
-0.405875 	 -0.000437 	 2.609751
-1.352875 	 1.192563 	 2.431749
-1.128874 	 2.110563 	 1.620750
0.861125 	 0.386563 	 3.376751
2.839124 	 -0.768438 	 0.782749

L A K
1.133125 	 1.908312 	 -3.661563
1.646125 	 1.231312 	 -2.487563
0.510126 	 0.489313 	 -1.812562
-0.580876 	 1.032313 	 -1.654563
2.290124 	 2.224312 	 -1.525563
0.757125 	 -0.753687 	 -1.405563
-0.278876 	 -1.543687 	 -0.756562
-0.664876 	 -0.975688 	 0.605437
-1.810875 	 -1.080687 	 1.021438
0.174125 	 -2.980688 	 -0.604562
0.291126 	 -0.351688 	 1.280438
-0.016875 	 0.192313 	 2.593438
-0.963875 	 1.385312 	 2.415437
-0.739874 	 2.303313 	 1.604438
1.250125 	 0.579313 	 3.360438
-2.995875 	 -3.659688 	 1.027438

V R G
-2.908144 	 -2.483045 	 -1.873596
-2.730143 	 -2.178045 	 -0.461596
-1.250143 	 -1.915045 	 -0.260596
-0.435145 	 -2.734045 	 -0.648595
-3.183144 	 -3.327045 	 0.465404
-0.932143 	 -0.800045 	 0.347404
0.462858 	 -0.589045 	 0.766405
0.673856 	 0.272955 	 1.970404
-0.236143 	 0.546955 	 2.656405
1.293855 	 -0.123045 	 -0.358595
1.947855 	 0.605955 	 2.224404
2.331857 	 1.062954 	 3.542405
2.323854 	 -0.137045 	 4.465405
1.841856 	 -1.209045 	 4.094405
1.609024 	 1.797952 	 3.896510
0.388857 	 1.016954 	 -6.114596
1.376855 	 1.334955 	 -0.550596
0.078855 	 1.609955 	 -1.006596
0.022855 	 1.178955 	 -2.391595
-0.664145 	 1.822955 	 -3.292595
-0.688143 	 1.399955 	 -4.527596
-1.325144 	 2.844955 	 -2.942596

V G D
3.767281 	 0.507941 	 1.200225
3.327281 	 0.571941 	 -0.182776
2.142281 	 -0.381059 	 -0.414775
2.139281 	 -1.523059 	 0.051225
4.484282 	 0.235941 	 -1.125775
1.105281 	 0.115941 	 -1.076776
-0.080718 	 -0.679059 	 -1.338776
-1.199718 	 -0.460059 	 -0.337775
-2.349719 	 -0.794059 	 -0.616776
0.188778 	 -1.735117 	 -1.353369
-0.855718 	 0.077941 	 0.832225
-1.868718 	 0.467941 	 1.812224
-2.816718 	 1.494941 	 1.214225
-2.412719 	 2.320941 	 0.378224
-1.235719 	 1.080941 	 3.074224
-4.334718 	 -1.302059 	 -2.115775

V G D
3.790656 	 0.564691 	 1.007162
3.350656 	 0.628691 	 -0.375838
2.165656 	 -0.324309 	 -0.607837
2.162656 	 -1.466309 	 -0.141838
4.507657 	 0.292691 	 -1.318838
1.128656 	 0.172691 	 -1.269838
-0.057343 	 -0.622309 	 -1.531838
-1.176343 	 -0.403309 	 -0.530838
-2.326344 	 -0.737309 	 -0.809838
0.212153 	 -1.678367 	 -1.546431
-0.832343 	 0.134691 	 0.639162
-1.845343 	 0.524691 	 1.619162
-2.793343 	 1.551691 	 1.021162
-2.389344 	 2.377691 	 0.185162
-1.212344 	 1.137691 	 2.881162
-4.685343 	 -2.153309 	 0.780162

F A P
3.194187 	 -0.329563 	 2.716751
2.135187 	 0.673437 	 2.683750
1.422188 	 0.751437 	 1.338750
0.697187 	 1.708437 	 1.095750
2.674188 	 2.068438 	 3.054750
1.610187 	 -0.231562 	 0.462749
0.827188 	 -0.249562 	 -0.775250
-0.608812 	 -0.652563 	 -0.449250
-0.837813 	 -1.521562 	 0.393751
1.433187 	 -1.202562 	 -1.788250
-1.591812 	 -0.023562 	 -1.114251
-2.986813 	 -0.367562 	 -0.825251
-3.392813 	 -1.614563 	 -1.607251
-4.264813 	 -1.547562 	 -2.476250
-3.747812 	 0.874438 	 -1.299250
3.437187 	 1.664437 	 -1.411250

F A P
3.395625 	 -0.052625 	 2.465376
2.336625 	 0.950375 	 2.432375
1.623625 	 1.028375 	 1.087376
0.898625 	 1.985375 	 0.844375
2.875626 	 2.345375 	 2.803375
1.811625 	 0.045375 	 0.211374
1.028626 	 0.027375 	 -1.026625
-0.407375 	 -0.375625 	 -0.700625
-0.636375 	 -1.244625 	 0.142376
1.634625 	 -0.925625 	 -2.039625
-1.390375 	 0.253375 	 -1.365626
-2.785375 	 -0.090625 	 -1.076626
-3.191375 	 -1.337625 	 -1.858626
-4.063375 	 -1.270625 	 -2.727625
-3.546375 	 1.151375 	 -1.550625
0.415625 	 -2.489625 	 2.359375

A N H
2.817527 	 -3.973000 	 -1.516000
2.672526 	 -2.929000 	 -0.509000
1.489525 	 -2.048000 	 -0.861000
1.359526 	 -1.600000 	 -1.994000
3.939526 	 -2.096000 	 -0.417000
0.631526 	 -1.794000 	 0.114999
-0.465474 	 -0.864000 	 -0.066000
-0.046474 	 0.492000 	 0.495000
0.169526 	 0.628000 	 1.700000
-1.716474 	 -1.397000 	 0.627000
0.090527 	 1.471000 	 -0.397000
0.599526 	 2.804000 	 -0.081000
-0.572473 	 3.769000 	 0.007000
-1.436473 	 3.754000 	 -0.863000
1.583527 	 3.246000 	 -1.178000
-1.218474 	 1.607000 	 3.957000
-2.940474 	 -0.551000 	 0.368999
-2.935474 	 0.369000 	 -0.445000
-4.021473 	 -0.888000 	 1.057001

A N H
2.981263 	 -4.055579 	 -1.269632
2.836263 	 -3.011579 	 -0.262632
1.653262 	 -2.130579 	 -0.614632
1.523263 	 -1.682579 	 -1.747631
4.103263 	 -2.178579 	 -0.170632
0.795263 	 -1.876579 	 0.361368
-0.301738 	 -0.946579 	 0.180368
0.117263 	 0.409421 	 0.741369
0.333263 	 0.545421 	 1.946369
-1.552737 	 -1.479579 	 0.873369
0.254264 	 1.388421 	 -0.150631
0.763263 	 2.721421 	 0.165369
-0.408736 	 3.686421 	 0.253368
-1.272736 	 3.671421 	 -0.616632
1.747264 	 3.163422 	 -0.931631
-4.165737 	 3.093421 	 -0.477632
-2.776737 	 -0.633579 	 0.615368
-2.771737 	 0.286421 	 -0.198632
-3.857736 	 -0.970579 	 1.303369

A K F
1.009300 	 -1.917150 	 -3.150300
-0.026701 	 -2.707150 	 -2.501300
-0.412701 	 -2.139150 	 -1.139301
-1.558700 	 -2.244150 	 -0.723300
0.426300 	 -4.144150 	 -2.349300
0.543301 	 -1.515150 	 -0.464299
0.235300 	 -0.971150 	 0.848700
-0.711700 	 0.221850 	 0.670699
-0.487699 	 1.139850 	 -0.140300
1.502300 	 -0.584150 	 1.615700
-1.794701 	 0.149850 	 1.410701
-2.853701 	 1.152850 	 1.377700
-3.566700 	 1.230850 	 0.032700
-4.291700 	 2.187850 	 -0.210300
-2.314699 	 2.547850 	 1.748700
-1.551700 	 2.143850 	 -2.717300
2.262301 	 0.564850 	 1.029700
3.544300 	 0.827850 	 1.803700
4.342299 	 1.945850 	 1.137700
5.705301 	 2.108850 	 1.719701

A K F
0.598100 	 -2.007550 	 -3.282800
-0.437901 	 -2.797550 	 -2.633800
-0.823901 	 -2.229550 	 -1.271801
-1.969901 	 -2.334550 	 -0.855800
0.015100 	 -4.234550 	 -2.481800
0.132101 	 -1.605550 	 -0.596799
-0.175900 	 -1.061550 	 0.716200
-1.122900 	 0.131450 	 0.538199
-0.898899 	 1.049450 	 -0.272800
1.091100 	 -0.674550 	 1.483200
-2.205901 	 0.059450 	 1.278201
-3.264901 	 1.062450 	 1.245200
-3.977900 	 1.140450 	 -0.099800
-4.702900 	 2.097450 	 -0.342800
-2.725899 	 2.457450 	 1.616200
6.261100 	 3.861450 	 -0.199800
1.851101 	 0.474450 	 0.897200
3.133100 	 0.737450 	 1.671200
3.931099 	 1.855450 	 1.005200
5.294101 	 2.018450 	 1.587201

A K F
0.757700 	 -1.723000 	 -3.237250
-0.278301 	 -2.513000 	 -2.588250
-0.664301 	 -1.945000 	 -1.226251
-1.810300 	 -2.050000 	 -0.810250
0.174700 	 -3.950000 	 -2.436250
0.291701 	 -1.321000 	 -0.551249
-0.016300 	 -0.777000 	 0.761750
-0.963300 	 0.416000 	 0.583749
-0.739299 	 1.334000 	 -0.227250
1.250700 	 -0.390000 	 1.528751
-2.046301 	 0.344000 	 1.323751
-3.105301 	 1.347000 	 1.290750
-3.818300 	 1.425000 	 -0.054250
-4.543300 	 2.382000 	 -0.297250
-2.566299 	 2.742000 	 1.661750
3.228699 	 -1.545000 	 -1.065251
2.010701 	 0.759000 	 0.942750
3.292700 	 1.022000 	 1.716750
4.090699 	 2.140000 	 1.050750
5.453701 	 2.303000 	 1.632751

A K F
0.900250 	 -2.003150 	 -3.273850
-0.135751 	 -2.793150 	 -2.624850
-0.521751 	 -2.225150 	 -1.262851
-1.667750 	 -2.330150 	 -0.846850
0.317250 	 -4.230150 	 -2.472850
0.434251 	 -1.601150 	 -0.587849
0.126250 	 -1.057150 	 0.725150
-0.820750 	 0.135850 	 0.547149
-0.596749 	 1.053850 	 -0.263850
1.393250 	 -0.670150 	 1.492150
-1.903751 	 0.063849 	 1.287151
-2.962751 	 1.066850 	 1.254150
-3.675750 	 1.144850 	 -0.090850
-4.400750 	 2.101850 	 -0.333850
-2.423749 	 2.461850 	 1.625150
0.520249 	 3.777850 	 -0.369851
2.153251 	 0.478850 	 0.906150
3.435250 	 0.741850 	 1.680150
4.233249 	 1.859850 	 1.014150
5.596251 	 2.022850 	 1.596151

A K F
0.687100 	 -1.956500 	 -3.514300
-0.348901 	 -2.746500 	 -2.865300
-0.734901 	 -2.178500 	 -1.503301
-1.880901 	 -2.283500 	 -1.087300
0.104100 	 -4.183500 	 -2.713300
0.221101 	 -1.554500 	 -0.828299
-0.086900 	 -1.010500 	 0.484700
-1.033900 	 0.182500 	 0.306699
-0.809900 	 1.100500 	 -0.504300
1.180100 	 -0.623500 	 1.251700
-2.116901 	 0.110500 	 1.046701
-3.175901 	 1.113500 	 1.013700
-3.888900 	 1.191500 	 -0.331300
-4.613900 	 2.148500 	 -0.574300
-2.636899 	 2.508500 	 1.384700
4.570102 	 2.891500 	 4.198699
1.940100 	 0.525500 	 0.665700
3.222100 	 0.788500 	 1.439700
4.020098 	 1.906500 	 0.773700
5.383101 	 2.069500 	 1.355701

A F P
3.790000 	 -1.583500 	 1.291682
3.159999 	 -1.350500 	 0.000682
1.655000 	 -1.334500 	 0.166682
1.040000 	 -2.359500 	 0.474682
3.581000 	 -2.423500 	 -0.996318
1.057000 	 -0.169500 	 -0.044318
-0.401000 	 -0.038500 	 -0.033318
-0.919000 	 -0.112500 	 -1.464318
-0.224000 	 0.280500 	 -2.403318
-0.810000 	 1.276500 	 0.644682
-2.130000 	 -0.644500 	 -1.646318
-2.658999 	 -0.766500 	 -3.007318
-2.737000 	 0.574500 	 -3.731318
-2.788001 	 1.637500 	 -3.111318
-4.052001 	 -1.347500 	 -2.779318
1.846000 	 -0.544500 	 -3.812318
-0.335999 	 1.390500 	 2.073682
-1.044000 	 0.780500 	 3.095682
0.818999 	 2.102500 	 2.400682
-0.624000 	 0.866500 	 4.421682
1.251000 	 2.197500 	 3.716682
0.525001 	 1.568500 	 4.742682

