R 0
4.131563 	 -1.608938 	 1.134250
3.183563 	 -0.581938 	 0.536250
3.587562 	 0.244063 	 -0.299750
0.538562 	 3.728063 	 2.439250
0.683563 	 2.684063 	 1.432250
1.933563 	 -0.589938 	 0.989250
1.011562 	 0.453063 	 0.567250
0.743562 	 1.396063 	 1.745250
0.655563 	 0.972063 	 2.904250
-0.274437 	 -0.141938 	 -0.000750
-0.077437 	 -0.671938 	 -1.420750
-1.350438 	 -0.614937 	 -2.240750
-2.412438 	 -1.379937 	 -1.600750
-3.692438 	 -1.316938 	 -1.947750
-4.076437 	 -0.517937 	 -2.938750
-4.585437 	 -2.052938 	 -1.298750

R 0
4.758325 	 -0.425412 	 1.330659
3.434079 	 -0.031346 	 0.695336
3.401687 	 0.884025 	 -0.119936
0.559349 	 3.052684 	 1.867816
0.955437 	 1.664031 	 1.653042
2.350595 	 -0.709639 	 1.070201
1.040662 	 -0.458096 	 0.472603
0.611271 	 1.006139 	 0.556850
-0.022348 	 1.532921 	 -0.372440
-0.010838 	 -1.337688 	 1.159597
-1.435029 	 -1.130267 	 0.667260
-1.596872 	 -1.572688 	 -0.784525
-3.001058 	 -1.483907 	 -1.172909
-3.505966 	 -0.616548 	 -2.049184
-2.724196 	 0.245540 	 -2.695399
-4.815098 	 -0.619747 	 -2.278970

R 0
2.551820 	 -2.634373 	 0.015555
2.213097 	 -1.176436 	 -0.228687
2.789330 	 -0.564299 	 -1.111167
0.176636 	 3.565329 	 2.858467
0.250326 	 2.730860 	 1.678778
1.307825 	 -0.647624 	 0.555440
1.092915 	 0.807849 	 0.516422
0.618465 	 1.445562 	 1.783465
0.658507 	 0.843427 	 2.788255
0.226815 	 1.189828 	 -0.613755
-1.221535 	 1.218756 	 -0.347368
-1.488283 	 -0.152677 	 -0.219375
-1.492780 	 -0.704205 	 -1.562103
-2.305801 	 -1.658290 	 -1.918788
-2.275784 	 -2.126378 	 -3.137281
-3.101554 	 -2.137328 	 -1.057857

R 0
4.218252 	 -1.636306 	 0.700995
3.220830 	 -0.595368 	 0.240765
3.512217 	 0.209417 	 -0.658420
0.952184 	 3.644418 	 2.421873
0.929283 	 2.617357 	 1.379421
2.046968 	 -0.605484 	 0.862804
0.990231 	 0.353212 	 0.544955
0.854805 	 1.330394 	 1.694773
0.708819 	 0.914452 	 2.848624
-0.333256 	 -0.369740 	 0.285129
-1.531207 	 0.540829 	 0.087648
-2.725586 	 -0.264257 	 -0.432413
-2.433179 	 -0.733539 	 -1.780177
-3.213617 	 -1.533536 	 -2.494585
-2.840091 	 -1.885533 	 -3.714429
-4.356653 	 -1.986316 	 -1.986963

N 0
3.065846 	 -2.443846 	 -0.509769
1.882846 	 -1.562846 	 -0.861770
1.752846 	 -1.114846 	 -1.994769
0.992846 	 3.289154 	 -0.081769
0.483847 	 1.956154 	 -0.397769
1.024846 	 -1.308846 	 0.114230
-0.072154 	 -0.378846 	 -0.066770
0.346846 	 0.977154 	 0.494231
0.562846 	 1.113154 	 1.699231
-1.323154 	 -0.911846 	 0.626231
-2.547154 	 -0.065846 	 0.368230
-2.542154 	 0.854154 	 -0.445769
-3.628153 	 -0.402846 	 1.056231

D 0
1.692308 	 -1.214692 	 -2.920770
0.573308 	 -0.995692 	 -1.919769
-0.576693 	 -1.329692 	 -2.198769
-3.215693 	 1.994308 	 -0.336769
-2.293692 	 0.951308 	 0.085231
0.917308 	 -0.457692 	 -0.749769
-0.095692 	 -0.067692 	 0.230230
-1.043692 	 0.959308 	 -0.367769
-0.639693 	 1.785308 	 -1.203770
0.537307 	 0.545308 	 1.492230
1.206308 	 -0.466692 	 2.386231
1.111308 	 -1.688692 	 2.134231
1.827308 	 -0.014692 	 3.369231

D 0
1.502956 	 -1.122718 	 -2.943442
0.517192 	 -1.053692 	 -1.785974
-0.429927 	 -1.841937 	 -1.723766
-2.558649 	 2.384979 	 -1.448338
-1.415016 	 1.556356 	 -1.106022
0.720289 	 -0.106914 	 -0.871265
-0.158731 	 0.017518 	 0.300349
-1.398635 	 0.874090 	 0.027983
-2.323201 	 0.927788 	 0.833013
0.615597 	 0.591350 	 1.494616
1.432494 	 -0.465811 	 2.217836
1.167005 	 -1.672160 	 1.996156
2.328627 	 -0.088850 	 3.008854

D 0
1.196126 	 -1.100429 	 -3.520485
0.789574 	 -1.177087 	 -2.046003
0.829736 	 -2.237668 	 -1.430103
-3.177397 	 1.999065 	 -0.583563
-2.119439 	 0.995831 	 -0.659231
0.407138 	 -0.046934 	 -1.473097
-0.006424 	 -0.032739 	 -0.080094
-1.032877 	 1.071695 	 0.113449
-0.842499 	 1.965401 	 0.947335
1.202261 	 0.163935 	 0.846522
0.972542 	 -0.386246 	 2.257098
-0.079178 	 -1.013461 	 2.511030
1.860438 	 -0.201362 	 3.117142

D 0
1.457992 	 -1.017614 	 -2.978630
0.683072 	 -1.121900 	 -1.685452
-0.002702 	 -2.119332 	 -1.455835
-3.345934 	 1.955619 	 -0.787425
-2.400609 	 0.957254 	 -0.327233
0.793788 	 -0.103475 	 -0.839029
-0.192141 	 0.109473 	 0.219438
-1.104145 	 1.231105 	 -0.234499
-0.623916 	 2.332530 	 -0.512131
0.449439 	 0.504152 	 1.544808
1.221065 	 -0.613699 	 2.181890
1.012539 	 -1.775534 	 1.795499
2.051552 	 -0.338579 	 3.078600

Q 0
1.856143 	 2.143286 	 2.827785
1.580142 	 1.714286 	 1.395786
2.200145 	 2.228286 	 0.456786
-0.387856 	 2.226286 	 -3.224215
0.164142 	 1.368286 	 -2.199214
0.643142 	 0.775286 	 1.241786
0.289142 	 0.264286 	 -0.079215
-0.282857 	 1.365286 	 -0.955214
-1.089856 	 2.192286 	 -0.512213
-0.720857 	 -0.888714 	 0.001787
-0.154858 	 -2.229714 	 0.461786
-1.135857 	 -3.382714 	 0.263786
-2.337857 	 -3.248714 	 0.513786
-0.622857 	 -4.527714 	 -0.193215

E 0
0.491427 	 -2.165929 	 3.600214
-0.080571 	 -1.064929 	 2.724214
-0.887571 	 -0.237929 	 3.167215
-2.925571 	 -1.648928 	 -1.771786
-2.124572 	 -0.800928 	 -0.881786
0.366427 	 -1.061929 	 1.480215
-0.185571 	 -0.203929 	 0.455213
-0.880571 	 -1.119929 	 -0.541785
-0.308572 	 -2.120929 	 -0.963785
0.905429 	 0.631072 	 -0.208786
0.375430 	 1.640072 	 -1.181786
1.468428 	 2.494072 	 -1.796786
2.419429 	 1.924071 	 -2.372786
1.366427 	 3.736071 	 -1.707786

E 0
0.639869 	 -2.179716 	 3.619591
0.099620 	 -1.056768 	 2.747015
-0.478945 	 -0.079785 	 3.238712
-2.888362 	 -1.412032 	 -2.034997
-2.135765 	 -0.659797 	 -1.045562
0.304138 	 -1.207630 	 1.446822
-0.269897 	 -0.299471 	 0.469638
-0.990275 	 -1.136740 	 -0.579227
-0.514282 	 -2.199998 	 -0.960547
0.817209 	 0.566566 	 -0.158646
0.305221 	 1.585834 	 -1.157119
1.414746 	 2.463464 	 -1.714523
2.593468 	 2.254066 	 -1.343343
1.103254 	 3.362009 	 -2.527814

H 0
-1.266268 	 -4.399200 	 0.024133
-0.847267 	 -3.043200 	 0.585134
-0.631267 	 -2.907200 	 1.790134
-2.513266 	 1.991800 	 1.350133
-1.399267 	 1.070800 	 1.133134
-0.710266 	 -2.064200 	 -0.306866
-0.201267 	 -0.731200 	 0.009134
-1.373266 	 0.233800 	 0.097133
-2.237266 	 0.218800 	 -0.772867
0.782734 	 -0.289199 	 -1.087867
1.557734 	 0.958800 	 -0.770867
0.997732 	 2.221800 	 -0.811867
2.861733 	 1.135800 	 -0.451867
1.918734 	 3.116800 	 -0.501867
3.060734 	 2.485800 	 -0.284867

K 0
-1.157215 	 2.551857 	 2.224786
-0.311214 	 1.718857 	 1.262786
0.912785 	 1.693857 	 1.357786
-0.438215 	 0.454857 	 -4.430215
0.001786 	 0.390857 	 -3.047214
-0.984214 	 1.060857 	 0.321786
-0.334215 	 0.207857 	 -0.666215
-0.859214 	 0.521857 	 -2.053214
-2.022214 	 0.863857 	 -2.218215
-0.590213 	 -1.272143 	 -0.367215
-0.222213 	 -1.720143 	 1.038785
1.269785 	 -1.832143 	 1.193786
1.653786 	 -2.473143 	 2.524785
3.080784 	 -2.167143 	 2.857786

K 0
-2.362721 	 3.511677 	 1.155749
-1.132014 	 2.756613 	 0.655054
-0.084252 	 3.365944 	 0.384014
-1.201394 	 -0.252207 	 -3.417213
-1.196320 	 0.204964 	 -2.025191
-1.252436 	 1.444620 	 0.524349
-0.130414 	 0.611911 	 0.101226
-0.057782 	 0.472691 	 -1.407190
1.005612 	 0.584312 	 -2.007432
-0.239947 	 -0.772870 	 0.727424
0.982206 	 -1.660418 	 0.524519
0.743713 	 -2.992467 	 1.191081
1.995795 	 -3.858144 	 1.242969
2.929954 	 -3.416623 	 2.350641

K 0
-1.168644 	 2.725056 	 2.046823
-0.338660 	 1.805677 	 1.153466
0.912476 	 1.850782 	 1.167681
-0.302011 	 0.741823 	 -4.333811
0.025991 	 0.449264 	 -2.939666
-1.033756 	 0.962452 	 0.400041
-0.400304 	 0.105643 	 -0.593722
-0.894181 	 0.452956 	 -1.981409
-2.091264 	 0.712884 	 -2.182779
-0.677043 	 -1.378937 	 -0.304248
-0.206087 	 -1.852507 	 1.063470
1.313144 	 -1.850683 	 1.192080
1.694332 	 -2.364664 	 2.571197
3.166007 	 -2.359744 	 2.740878

K 0
-1.933649 	 3.062917 	 1.695240
-1.111255 	 2.525726 	 0.528297
-1.147554 	 3.075977 	 -0.564087
-1.030509 	 0.362971 	 -3.766700
-0.251149 	 0.750007 	 -2.595640
-0.394053 	 1.434602 	 0.760698
0.424065 	 0.890498 	 -0.311404
-0.504590 	 0.309127 	 -1.384414
-1.439554 	 -0.466999 	 -1.112216
1.420400 	 -0.150425 	 0.205456
0.797926 	 -1.409890 	 0.722632
1.849625 	 -2.350348 	 1.289409
1.183763 	 -3.587344 	 1.886694
2.136534 	 -4.446820 	 2.646034

K 0
-1.844998 	 3.563319 	 1.544830
-0.997122 	 2.693672 	 0.625644
-0.375695 	 3.193910 	 -0.304991
-0.062977 	 0.274001 	 -3.750271
0.157811 	 0.367037 	 -2.306115
-0.970850 	 1.393850 	 0.884223
-0.169620 	 0.504091 	 0.061059
-0.757841 	 0.347586 	 -1.339905
-1.982309 	 0.235336 	 -1.520107
-0.007018 	 -0.862527 	 0.734581
0.997341 	 -1.758582 	 0.013630
1.281163 	 -3.059931 	 0.758086
2.014308 	 -2.828449 	 2.064223
2.717806 	 -4.063311 	 2.535113

G 0
3.065111 	 0.861222 	 -0.041445
1.880111 	 -0.091778 	 -0.273444
1.877111 	 -1.233778 	 0.192556
-2.130889 	 0.757222 	 1.953555
-1.117888 	 0.367222 	 0.973556
0.843110 	 0.405222 	 -0.935445
-0.342889 	 -0.389778 	 -1.197445
-1.461888 	 -0.170778 	 -0.196444
-2.611890 	 -0.504778 	 -0.475445

G 0
3.150745 	 0.592755 	 -0.961209
1.903285 	 -0.084860 	 -0.405387
1.902314 	 -0.514922 	 0.752694
-2.972357 	 0.263865 	 1.715444
-1.996917 	 -0.523772 	 0.972732
0.861999 	 -0.207856 	 -1.216601
-0.357691 	 -0.856522 	 -0.774524
-1.243111 	 0.058445 	 0.052738
-1.248267 	 1.272866 	 -0.135887

G 0
2.896591 	 -0.388463 	 -1.818524
2.151216 	 -0.150311 	 -0.514357
2.675136 	 -0.410856 	 0.571672
-3.566926 	 -0.219544 	 1.172436
-2.176545 	 0.213939 	 1.281237
0.930438 	 0.360980 	 -0.621778
0.093911 	 0.570994 	 0.546943
-1.337546 	 0.172712 	 0.254516
-1.666275 	 -0.149452 	 -0.872145

G 0
2.825924 	 0.929823 	 -0.830237
1.842195 	 -0.132921 	 -0.456029
1.991915 	 -0.741512 	 0.534412
-3.036688 	 0.442804 	 1.546801
-2.342714 	 -0.328786 	 0.530863
0.783709 	 -0.250895 	 -1.270993
-0.414835 	 -0.921039 	 -0.815107
-1.108846 	 -0.003028 	 0.168559
-0.540660 	 1.005554 	 0.591733

G 0
2.970799 	 -0.853352 	 -1.066357
1.853878 	 -0.051372 	 -0.432869
1.885761 	 0.226743 	 0.767457
-3.048575 	 -0.215260 	 1.619744
-2.159036 	 0.600262 	 0.809372
0.866713 	 0.340779 	 -1.227562
-0.290269 	 1.024636 	 -0.677278
-1.154426 	 0.069204 	 0.118357
-0.924845 	 -1.141640 	 0.089135

G 0
3.024793 	 -0.745491 	 0.060437
1.720975 	 -0.036832 	 -0.240417
1.483492 	 1.061331 	 0.266875
-1.981173 	 -0.295888 	 2.062769
-1.117448 	 -0.474456 	 0.886787
0.865941 	 -0.665389 	 -1.042040
-0.411780 	 -0.079159 	 -1.411934
-1.339911 	 0.201910 	 -0.238989
-2.244889 	 1.033973 	 -0.343490

G 0
3.153478 	 0.565087 	 -1.024287
1.904010 	 -0.086663 	 -0.422281
1.899246 	 -0.467111 	 0.748331
-3.064382 	 0.235238 	 1.688122
-2.091890 	 -0.521397 	 0.897769
0.853038 	 -0.222971 	 -1.221478
-0.355083 	 -0.863206 	 -0.742513
-1.213917 	 0.066496 	 0.088262
-1.084498 	 1.294526 	 -0.011925

P 0
1.959584 	 0.104250 	 2.576750
1.441584 	 0.030250 	 1.145750
2.136584 	 0.423250 	 0.206750
-0.471416 	 1.834250 	 -3.282250
-0.351417 	 0.652250 	 -2.444250
0.230584 	 -0.501750 	 0.963750
-0.298416 	 -0.623750 	 -0.397250
-0.376417 	 0.717250 	 -1.121250
-0.427417 	 1.780250 	 -0.501250
-1.691417 	 -1.204750 	 -0.169250
-1.526416 	 -2.027750 	 1.074750
-0.625417 	 -1.183750 	 1.947750

P 0
2.721354 	 -0.254184 	 0.319642
1.578938 	 -0.042649 	 1.310282
1.816245 	 0.330083 	 2.458569
-0.658758 	 2.498904 	 -2.158284
-0.125045 	 1.470544 	 -1.264576
0.334025 	 -0.300982 	 0.882602
-0.056514 	 -0.842976 	 -0.418082
-0.469081 	 0.200543 	 -1.453943
-1.119268 	 -0.172896 	 -2.425850
-1.268236 	 -1.703660 	 -0.064609
-1.941780 	 -0.895680 	 1.001662
-0.811879 	 -0.287048 	 1.812587

P 0
1.987123 	 0.466522 	 2.392619
1.552085 	 0.029393 	 0.996036
2.332143 	 0.107930 	 0.045462
0.012098 	 2.466327 	 -2.273804
0.312627 	 1.226817 	 -1.563936
0.300140 	 -0.437251 	 0.858069
-0.157933 	 -0.881281 	 -0.461358
-0.621178 	 0.316801 	 -1.286812
-1.802138 	 0.419734 	 -1.625588
-1.319037 	 -1.819998 	 -0.119295
-1.897215 	 -1.195224 	 1.129886
-0.698716 	 -0.699769 	 1.908721

S 0
-2.726454 	 -0.976364 	 -1.990273
-1.245455 	 -0.872364 	 -1.596272
-0.403454 	 -1.490364 	 -2.238273
1.532546 	 -0.003364 	 3.576727
1.354545 	 -0.308364 	 2.164727
-0.936455 	 -0.110364 	 -0.541273
0.438545 	 0.006636 	 -0.040273
0.382545 	 0.246636 	 1.445727
-0.515454 	 0.940636 	 1.923727
1.221546 	 1.169636 	 -0.679273
0.897546 	 1.397636 	 -2.025272

S 0
-2.469107 	 -1.336885 	 -2.141857
-1.363739 	 -1.120142 	 -1.112427
-1.215289 	 -1.884718 	 -0.158301
2.180958 	 -0.606573 	 1.802878
0.816941 	 -0.108188 	 1.973548
-0.569779 	 -0.084099 	 -1.339189
0.497319 	 0.291111 	 -0.425797
-0.000202 	 0.355838 	 1.016255
-1.102895 	 0.839239 	 1.269629
1.072251 	 1.638457 	 -0.851612
2.153542 	 2.015961 	 -0.033126

T 0
-2.794751 	 2.337917 	 0.107917
-1.907749 	 1.183917 	 0.525916
-2.079750 	 0.635917 	 1.598916
3.382250 	 0.036917 	 1.429917
1.995250 	 -0.303083 	 1.167917
-0.955750 	 0.838917 	 -0.331083
-0.076750 	 -0.305083 	 -0.104084
1.356250 	 0.171917 	 0.102917
1.867250 	 0.963917 	 -0.694083
-0.144749 	 -1.295083 	 -1.291083
-1.481751 	 -1.806083 	 -1.408084
0.840250 	 -2.460083 	 -1.105083

W 0
2.298684 	 -1.608053 	 3.341368
1.705685 	 -1.805053 	 1.949368
1.211684 	 -2.883053 	 1.598368
2.013684 	 -3.145053 	 -3.089632
1.363684 	 -2.292053 	 -2.101631
1.762684 	 -0.755053 	 1.141369
1.190684 	 -0.801053 	 -0.198631
2.036685 	 -1.634053 	 -1.160631
3.260684 	 -1.659053 	 -1.065632
1.030684 	 0.615947 	 -0.744631
-0.031316 	 1.412947 	 -0.059631
0.151684 	 2.352947 	 0.920368
-1.432315 	 1.360947 	 -0.310631
-1.059316 	 2.877947 	 1.295368
-2.048316 	 2.290947 	 0.554369
-2.238315 	 0.612947 	 -1.183632
-3.426315 	 2.486947 	 0.577368
-3.603315 	 0.817947 	 -1.168632
-4.187316 	 1.752947 	 -0.294632

W 0
2.554924 	 0.538394 	 2.463812
2.020611 	 -0.642528 	 1.676470
1.802166 	 -1.722014 	 2.215494
3.919932 	 -2.864167 	 -2.307765
3.090865 	 -2.061192 	 -1.429287
1.787260 	 -0.431252 	 0.391642
0.992516 	 -1.382352 	 -0.389735
1.782183 	 -2.259401 	 -1.354860
1.200077 	 -3.129861 	 -2.010267
-0.089687 	 -0.628218 	 -1.159218
-1.129320 	 -0.040018 	 -0.251917
-1.834827 	 -0.693395 	 0.717139
-1.580027 	 1.308560 	 -0.246191
-2.692684 	 0.180758 	 1.335827
-2.563171 	 1.417266 	 0.756787
-1.249532 	 2.440312 	 -0.994400
-3.225727 	 2.617799 	 1.032191
-1.905086 	 3.634990 	 -0.726914
-2.880472 	 3.716320 	 0.281191

I 0
-1.333461 	 3.424846 	 0.549385
-0.390461 	 2.236846 	 0.619384
0.669539 	 2.306846 	 1.237385
3.362538 	 -0.652154 	 -1.549615
2.289538 	 -0.460154 	 -0.589615
-0.775462 	 1.139846 	 -0.014615
0.004538 	 -0.084154 	 0.115385
1.050538 	 -0.190154 	 -0.983615
0.746539 	 -0.017154 	 -2.166616
-0.899461 	 -1.332154 	 0.093384
-1.808462 	 -1.337154 	 1.319384
-0.056462 	 -2.593154 	 0.075385
-2.859461 	 -2.442154 	 1.294385

I 0
-1.346366 	 3.375356 	 0.467632
-0.510748 	 2.140827 	 0.738839
0.186365 	 2.087844 	 1.754744
3.410298 	 -0.636886 	 -1.796243
2.389369 	 -0.436726 	 -0.778643
-0.587954 	 1.151531 	 -0.144193
0.146710 	 -0.083481 	 0.048578
1.106192 	 -0.273161 	 -1.102633
0.699507 	 -0.241697 	 -2.267997
-0.788195 	 -1.292344 	 0.135266
-1.860221 	 -1.050712 	 1.201548
0.035932 	 -2.563389 	 0.440126
-2.880889 	 -2.177161 	 1.302977

I 0
-1.195291 	 3.441185 	 0.260408
-0.311145 	 2.213359 	 0.467489
0.755393 	 2.359793 	 1.057283
2.454643 	 -0.070515 	 -2.561332
1.262090 	 -0.025833 	 -1.739939
-0.727518 	 1.033699 	 0.017870
0.028547 	 -0.171502 	 0.359846
1.331382 	 -0.281972 	 -0.439388
2.384480 	 -0.587160 	 0.120023
-0.822815 	 -1.430062 	 0.153419
-2.063189 	 -1.349160 	 1.047737
-0.017276 	 -2.692902 	 0.458462
-3.079300 	 -2.438931 	 0.798123

I 0
-1.390690 	 3.389734 	 0.547976
-0.392208 	 2.255321 	 0.638916
0.686366 	 2.416699 	 1.226692
3.357313 	 -0.705733 	 -1.609451
2.302601 	 -0.471649 	 -0.631832
-0.758168 	 1.111479 	 0.064934
0.047151 	 -0.107718 	 0.153886
1.055766 	 -0.190440 	 -0.989823
0.706416 	 0.019420 	 -2.173669
-0.846945 	 -1.356615 	 0.134402
-1.852808 	 -1.318148 	 1.289981
-0.008169 	 -2.634508 	 0.183963
-2.906625 	 -2.407842 	 1.164024

I 0
-1.515107 	 3.289753 	 0.714184
-0.439144 	 2.222736 	 0.901658
0.412929 	 2.346623 	 1.784073
2.984133 	 -1.235512 	 -2.238226
2.274452 	 -0.752332 	 -1.066883
-0.520080 	 1.167868 	 0.090719
0.384069 	 0.026904 	 0.197172
1.034402 	 -0.291973 	 -1.140608
0.432203 	 -0.119069 	 -2.207594
-0.346281 	 -1.240795 	 0.715817
-1.543353 	 -1.581963 	 -0.178717
-0.808499 	 -1.037649 	 2.148995
-2.349724 	 -2.794592 	 0.279410

L 0
2.696693 	 1.374308 	 1.931999
2.001693 	 0.458308 	 0.935000
2.573692 	 -0.542692 	 0.513000
-0.836308 	 0.247308 	 -3.968000
-0.224309 	 -0.165692 	 -2.706000
0.757692 	 0.777308 	 0.595000
-0.043307 	 -0.070692 	 -0.295000
-0.297309 	 0.602308 	 -1.624000
-0.550307 	 1.807308 	 -1.667000
-1.394307 	 -0.393692 	 0.340000
-1.362307 	 -0.857692 	 1.785999
-2.775307 	 -1.099692 	 2.273001
-0.546307 	 -2.136692 	 1.886000

L 0
2.730603 	 1.451717 	 2.065286
2.250458 	 0.476513 	 1.009945
2.933697 	 -0.511094 	 0.720965
-1.586369 	 0.425189 	 -3.579435
-0.639625 	 -0.109967 	 -2.621804
1.071660 	 0.742930 	 0.461563
0.445145 	 -0.201512 	 -0.464502
-0.480814 	 0.491333 	 -1.453517
-1.043213 	 1.549738 	 -1.174248
-0.328489 	 -1.266027 	 0.320341
-1.361674 	 -0.731666 	 1.311986
-2.773271 	 -0.850339 	 0.789295
-1.218108 	 -1.466814 	 2.614124

L 0
2.867859 	 1.555996 	 1.481849
2.031650 	 0.605773 	 0.637210
2.553990 	 -0.186407 	 -0.146445
-0.193370 	 0.259997 	 -3.820063
-0.138123 	 -0.273119 	 -2.466795
0.720365 	 0.683710 	 0.798879
-0.153010 	 -0.108733 	 -0.043156
-0.231357 	 0.534704 	 -1.413023
-0.379062 	 1.749748 	 -1.522337
-1.541206 	 -0.231116 	 0.576650
-1.562156 	 -1.045209 	 1.870768
-2.979683 	 -1.104444 	 2.408416
-0.995897 	 -2.440899 	 1.638047

V 0
0.552500 	 0.141333 	 3.470000
0.027500 	 0.455333 	 2.083001
-1.135500 	 0.797333 	 1.918000
-2.959500 	 -0.862667 	 -1.450000
-1.773501 	 -0.067667 	 -1.188000
0.888500 	 0.324333 	 1.089000
0.448500 	 0.388333 	 -0.294000
-0.736500 	 -0.564667 	 -0.526000
-0.739500 	 -1.706666 	 -0.060000
1.605501 	 0.052333 	 -1.237000
1.113500 	 -0.064667 	 -2.683000
2.708500 	 1.107333 	 -1.122000

V 0
0.573497 	 0.236149 	 3.515025
0.049497 	 0.504195 	 2.108809
-1.059043 	 1.022942 	 1.948703
-3.036183 	 -0.894049 	 -1.392094
-1.872713 	 -0.063858 	 -1.030676
0.843583 	 0.157769 	 1.100054
0.421375 	 0.312285 	 -0.280480
-0.743792 	 -0.625624 	 -0.601465
-0.626172 	 -1.848047 	 -0.451076
1.590655 	 0.033862 	 -1.250426
1.116045 	 0.147555 	 -2.682114
2.743250 	 1.016821 	 -0.984262

V 0
0.650856 	 0.108796 	 3.408427
0.218588 	 0.698102 	 2.064485
-0.347623 	 1.796988 	 2.013242
-2.513748 	 -2.319556 	 -0.914635
-1.385481 	 -1.511183 	 -0.436238
0.491424 	 -0.016657 	 0.974098
0.084001 	 0.460732 	 -0.359922
-1.072737 	 -0.332592 	 -0.986023
-1.676567 	 0.133368 	 -1.945880
1.300467 	 0.484616 	 -1.358918
2.395895 	 1.415257 	 -0.860395
1.854925 	 -0.917871 	 -1.598241

V 0
0.501214 	 0.155181 	 3.571606
0.408273 	 0.697143 	 2.169261
0.344479 	 1.912635 	 1.982092
-2.912497 	 -1.238229 	 -1.973720
-1.994726 	 -0.334948 	 -1.261057
0.377425 	 -0.206922 	 1.193821
0.098329 	 0.163919 	 -0.185685
-0.920676 	 -0.833347 	 -0.702462
-0.702380 	 -2.027602 	 -0.594615
1.354115 	 0.134694 	 -1.083954
0.997656 	 0.497436 	 -2.540973
2.448786 	 1.080041 	 -0.574313

F 0
3.137499 	 -1.580938 	 -0.820500
1.632500 	 -1.564937 	 -0.654500
1.017500 	 -2.589937 	 -0.346500
-2.681499 	 -0.996938 	 -3.828500
-2.152500 	 -0.874937 	 -2.467500
1.034500 	 -0.399937 	 -0.865500
-0.423500 	 -0.268937 	 -0.854500
-0.941500 	 -0.342937 	 -2.285500
-0.246500 	 0.050062 	 -3.224500
-0.832500 	 1.046063 	 -0.176500
-0.358500 	 1.160062 	 1.252500
-1.066500 	 0.550062 	 2.274500
0.796499 	 1.872063 	 1.579500
-0.646500 	 0.636062 	 3.600500
1.228500 	 1.967062 	 2.895500
0.502501 	 1.338062 	 3.921500

F 0
2.257004 	 -2.366383 	 -0.269331
1.338071 	 -1.230476 	 -0.735187
1.719655 	 -0.336527 	 -1.513562
-1.325160 	 -1.507802 	 -4.243227
-0.872627 	 -1.399889 	 -2.854119
0.109704 	 -1.326004 	 -0.279484
-0.946138 	 -0.379335 	 -0.622403
-1.308196 	 -0.392349 	 -2.103018
-1.987084 	 0.516466 	 -2.565283
-0.569024 	 1.054900 	 -0.204137
-0.144553 	 1.164109 	 1.230446
-1.050229 	 0.945248 	 2.253718
1.179273 	 1.434341 	 1.555852
-0.650725 	 1.021848 	 3.581091
1.582330 	 1.500857 	 2.879392
0.667697 	 1.300994 	 3.889253

A 0
1.019800 	 -2.958600 	 -1.493400
0.751800 	 -2.015600 	 -0.315400
0.663801 	 -2.439600 	 0.843600
-2.591200 	 2.381400 	 0.821600
-1.494200 	 1.451400 	 1.002600
0.691800 	 -0.727600 	 -0.628400
0.546800 	 0.316400 	 0.378600
-0.636201 	 1.197400 	 0.026600
-0.766200 	 1.645400 	 -1.106400
1.813800 	 1.149400 	 0.470600

A 0
0.816501 	 -2.939922 	 -1.347866
0.567479 	 -1.885760 	 -0.294965
0.014719 	 -2.181837 	 0.768638
-2.693989 	 1.795724 	 0.835892
-1.433491 	 1.060983 	 0.955666
1.006408 	 -0.658223 	 -0.575610
0.820165 	 0.446126 	 0.353690
-0.478599 	 1.158729 	 0.040255
-0.616453 	 1.793355 	 -1.009488
1.997260 	 1.410825 	 0.273788

A 0
0.436586 	 -2.902663 	 -1.297234
0.451970 	 -1.765028 	 -0.296117
-0.010828 	 -1.921961 	 0.831397
-2.609758 	 1.455788 	 -0.120224
-1.276044 	 0.941882 	 -0.388321
0.978736 	 -0.611258 	 -0.699899
1.043901 	 0.531783 	 0.198884
-0.340947 	 1.070491 	 0.543341
-0.560053 	 1.568626 	 1.639357
1.886438 	 1.632342 	 -0.411185

A 0
0.797871 	 -2.904650 	 -1.383173
0.576653 	 -1.815154 	 -0.340324
-0.162216 	 -2.033718 	 0.611951
-2.617636 	 1.903272 	 0.819061
-1.277421 	 1.378833 	 1.095954
1.197660 	 -0.649669 	 -0.498457
0.890149 	 0.456945 	 0.410880
-0.491535 	 1.010262 	 0.070919
-0.854491 	 1.106812 	 -1.102619
1.940965 	 1.547065 	 0.315807

V 1
2.338601 	 1.570900 	 1.565800
1.032600 	 0.876900 	 1.183800
0.119599 	 0.712900 	 2.010800
0.982600 	 0.503900 	 -0.093200
-0.124400 	 -0.152100 	 -0.791200
-1.298400 	 0.782900 	 -0.969200
-1.287400 	 1.581900 	 -1.914200
-0.554400 	 -1.438100 	 -0.090200
-1.790399 	 -2.012100 	 -0.749199
0.581599 	 -2.427100 	 -0.153200

G 2
-0.708167 	 0.950667 	 -2.126666
-0.136167 	 0.996667 	 -0.786666
1.324834 	 -0.906333 	 1.808333
0.399833 	 0.143667 	 1.413333
-0.193166 	 -0.053333 	 0.021333
-0.687167 	 -1.131333 	 -0.329667

