29.7980003356933594 	 -1.9639999866485596 	 22.6669998168945312
28.8729991912841797 	 -0.9139999747276306 	 22.2719993591308594
28.2800006866455078 	 -1.1109999418258667 	 20.8799991607666016
27.7859992980957031 	 -2.1889998912811279 	 20.5289993286132812
29.3808908025656521 	 0.0494829660714277 	 22.3149730019728061

28.3369998931884766 	 -0.0610000006854534 	 20.0720005035400391
27.7649993896484375 	 -0.1070000007748604 	 18.7320003509521484
28.6110000610351562 	 -0.9399999976158142 	 17.7700004577636719
29.8349990844726562 	 -0.9649999737739563 	 17.8649997711181641
27.6049995422363281 	 1.3099999427795410 	 18.1860008239746094
26.5429992675781250 	 2.1070001125335693 	 18.8710002899169922
26.7259998321533203 	 3.0469999313354492 	 19.8509998321533203
25.1420001983642578 	 2.0550000667572021 	 18.6200008392333984
25.5149993896484375 	 3.5720000267028809 	 20.2259998321533203
24.5259990692138672 	 2.9849998950958252 	 19.4850006103515625
24.3360004425048828 	 1.3070000410079956 	 17.7469997406005859
23.1480007171630859 	 3.1809999942779541 	 19.5079994201660156
22.9710006713867188 	 1.5119999647140503 	 17.7619991302490234
22.3869991302490234 	 2.4470000267028809 	 18.6359996795654297

27.9379997253417969 	 -1.5980000495910645 	 16.8290004730224609
28.5879993438720703 	 -2.4509999752044678 	 15.8409996032714844
28.0629997253417969 	 -2.1370000839233398 	 14.4540004730224609
26.8999996185302734 	 -1.7949999570846558 	 14.2889995574951172
28.3320007324218750 	 -3.9309999942779541 	 16.1399993896484375
28.7000007629394531 	 -4.3790001869201660 	 17.5459995269775391
30.1919994354248047 	 -4.4910001754760742 	 17.7010002136230469
30.5760002136230469 	 -5.1319999694824219 	 19.0319995880126953
32.0029983520507812 	 -4.8260002136230469 	 19.3649997711181641

28.9239997863769531 	 -2.2679998874664307 	 13.4600000381469727
28.4839992523193359 	 -2.2039999961853027 	 12.0769996643066406
27.2989997863769531 	 -3.1570000648498535 	 11.8450002670288086
27.2959995269775391 	 -4.2989997863769531 	 12.3109998703002930
29.6410007476806641 	 -2.5399999618530273 	 11.1339998245239258
29.1490001678466797 	 -2.6570000648498535 	 9.6879997253417969
30.7439994812011719 	 -1.4850000143051147 	 11.2489995956420898

26.2619991302490234 	 -2.6600000858306885 	 11.1829996109008789
25.0760002136230469 	 -3.4549999237060547 	 10.9209995269775391
23.9570007324218750 	 -3.2360000610351562 	 11.9219999313354492
22.8069992065429688 	 -3.5699999332427979 	 11.6429996490478516
25.3454963880222124 	 -4.5110580913140321 	 10.9064064254327722

24.3010005950927734 	 -2.6979999542236328 	 13.0920000076293945
23.2880001068115234 	 -2.3080000877380371 	 14.0719995498657227
22.3400001525878906 	 -1.2810000181198120 	 13.4739999771118164
22.7439994812011719 	 -0.4550000131130219 	 12.6379995346069336
23.9209995269775391 	 -1.6950000524520874 	 15.3339996337890625
24.5900001525878906 	 -2.7070000171661377 	 16.2280006408691406
24.4950008392333984 	 -3.9289999008178711 	 15.9759998321533203
25.2110004425048828 	 -2.2550001144409180 	 17.2110004425048828

21.0900001525878906 	 -1.2890000343322754 	 13.9270000457763672
20.1679992675781250 	 -0.2460000067949295 	 13.5050001144409180
19.8999996185302734 	 0.6970000267028809 	 14.6829996109008789
19.8120002746582031 	 0.2730000019073486 	 15.8420000076293945
18.8819999694824219 	 -0.8410000205039978 	 12.9370002746582031
19.0790004730224609 	 -1.3710000514984131 	 11.5170001983642578
17.8059997558593750 	 -1.3140000104904175 	 10.6969995498657227
16.7439994812011719 	 -2.0789999961853027 	 11.3369998931884766
15.4639997482299805 	 -2.0160000324249268 	 10.9899997711181641
15.0799999237060547 	 -1.2170000076293945 	 9.9989995956420898
14.5710000991821289 	 -2.7520000934600830 	 11.6389999389648438

19.8400001525878906 	 1.9850000143051147 	 14.3699998855590820
19.6949996948242188 	 3.0290000438690186 	 15.3769998550415039
18.5119991302490234 	 3.9100000858306885 	 15.0249996185302734
18.3819999694824219 	 4.3579998016357422 	 13.8920001983642578
20.9619998931884766 	 3.8619999885559082 	 15.4689998626708984

17.6539993286132812 	 4.1640000343322754 	 16.0009994506835938
16.5569992065429688 	 5.0939998626708984 	 15.8199996948242188
16.9759998321533203 	 6.4499998092651367 	 16.3810005187988281
17.1919994354248047 	 6.5859999656677246 	 17.5860004425048828
15.3059997558593750 	 4.5609998703002930 	 16.5130004882812500
14.0819997787475586 	 5.4070000648498535 	 16.2549991607666016
14.0869998931884766 	 6.3270001411437988 	 15.4409999847412109
13.0010004043579102 	 5.0700001716613770 	 16.9430007934570312

17.1130008697509766 	 7.4289999008178711 	 15.4890003204345703
17.6219997406005859 	 8.7620000839233398 	 15.8050003051757812
16.4500007629394531 	 9.7270002365112305 	 15.8929996490478516
15.5860004425048828 	 9.7119998931884766 	 15.0229997634887695
18.6060009002685547 	 9.2040004730224609 	 14.7080001831054688
19.3810005187988281 	 10.4519996643066406 	 15.0249996185302734
18.8209991455078125 	 11.7150001525878906 	 14.9840002059936523
20.6849994659423828 	 10.6289997100830078 	 15.3439998626708984
19.7420005798339844 	 12.6099996566772461 	 15.2939996719360352
20.8840007781982422 	 11.9790000915527344 	 15.5109996795654297

16.4239997863769531 	 10.5640001296997070 	 16.9290008544921875
15.3100004196166992 	 11.4849996566772461 	 17.1459999084472656
15.0220003128051758 	 12.3769998550415039 	 15.9390001296997070
13.8549995422363281 	 12.6829996109008789 	 15.6440000534057617
15.6040000915527344 	 12.3620004653930664 	 18.3689994812011719
14.5430002212524414 	 13.4090003967285156 	 18.6720008850097656
13.2239999771118164 	 12.7659997940063477 	 19.0919990539550781
12.2799997329711914 	 13.8009996414184570 	 19.5020008087158203
11.1709995269775391 	 14.1379995346069336 	 18.8449993133544922
10.8039999008178711 	 13.4980001449584961 	 17.7369995117187500
10.4209995269775391 	 15.1309995651245117 	 19.3120002746582031

16.0690002441406250 	 12.7869997024536133 	 15.2399997711181641
15.9219999313354492 	 13.6820001602172852 	 14.0959997177124023
15.7080001831054688 	 12.9239997863769531 	 12.8000001907348633
14.8489999771118164 	 13.2670001983642578 	 11.9949998855590820
17.1550006866455078 	 14.5670003890991211 	 13.9610004425048828
17.0270004272460938 	 15.6820001602172852 	 12.9300003051757812
18.3080005645751953 	 16.4780006408691406 	 12.8990001678466797
18.1909999847412109 	 17.7509994506835938 	 12.0710000991821289
17.4729995727539062 	 18.8449993133544922 	 12.8339996337890625

16.5109996795654297 	 11.8950004577636719 	 12.5850000381469727
16.6079998016357422 	 11.2880001068115234 	 11.2550001144409180
15.9189996719360352 	 9.9370002746582031 	 11.0989999771118164
15.8999996185302734 	 9.3809995651245117 	 9.9960002899169922
18.0779991149902344 	 11.1560001373291016 	 10.8629999160766602
18.7290000915527344 	 12.4879999160766602 	 10.6350002288818359
18.2800006866455078 	 13.4910001754760742 	 9.8249998092651367
19.9449996948242188 	 12.9440002441406250 	 11.2139997482299805
19.1459999084472656 	 14.5539999008178711 	 9.8789997100830078
20.1840000152587891 	 14.2410001754760742 	 10.7189998626708984
20.8610000610351562 	 12.3809995651245117 	 12.1049995422363281
21.3080005645751953 	 14.9890003204345703 	 11.0839996337890625
21.9799995422363281 	 13.1180000305175781 	 12.4700002670288086
22.1930007934570312 	 14.4110002517700195 	 11.9630002975463867

15.3360004425048828 	 9.4209995269775391 	 12.1719999313354492
14.6420001983642578 	 8.1490001678466797 	 12.1070003509521484
15.5850000381469727 	 6.9609999656677246 	 12.1770000457763672
16.6450004577636719 	 7.0310001373291016 	 12.7950000762939453
14.0643749586513103 	 8.0986492477528049 	 11.1840085485550418

15.1999998092651367 	 5.8639998435974121 	 11.5430002212524414
15.9799995422363281 	 4.6399998664855957 	 11.6730003356933594
17.0259990692138672 	 4.5339999198913574 	 10.5740003585815430
16.7220001220703125 	 4.7069997787475586 	 9.3909997940063477
15.0760002136230469 	 3.3919999599456787 	 11.6510000228881836
14.1669998168945312 	 3.3870000839233398 	 12.8769998550415039
15.9189996719360352 	 2.1310000419616699 	 11.6330003738403320
13.1160001754760742 	 2.2820000648498535 	 12.8520002365112305

18.2649993896484375 	 4.2639999389648438 	 10.9680004119873047
19.3379993438720703 	 4.0720000267028809 	 10.0080003738403320
20.2250003814697266 	 2.9179999828338623 	 10.4259996414184570
20.0529994964599609 	 2.3699998855590820 	 11.4989995956420898
19.9335994932472076 	 4.9825047619032361 	 9.9421096366912707

21.1770000457763672 	 2.5729999542236328 	 9.5690002441406250
22.0559997558593750 	 1.4290000200271606 	 9.7959995269775391
23.4890003204345703 	 1.9060000181198120 	 10.0030002593994141
24.0000000000000000 	 2.6979999542236328 	 9.2060003280639648
21.9880008697509766 	 0.4390000104904175 	 8.6090002059936523
20.6509990692138672 	 -0.0719999969005585 	 8.4919996261596680
22.9729995727539062 	 -0.7260000109672546 	 8.7950000762939453

24.1280002593994141 	 1.4309999942779541 	 11.0679998397827148
25.5149993896484375 	 1.7710000276565552 	 11.3299999237060547
26.4319992065429688 	 1.1809999942779541 	 10.2569999694824219
26.4489994049072266 	 -0.0379999987781048 	 10.0459995269775391
25.9549999237060547 	 1.2640000581741333 	 12.7209997177124023
27.4160003662109375 	 1.5809999704360962 	 12.9510002136230469
25.0849990844726562 	 1.9040000438690186 	 13.8159999847412109

27.1860008239746094 	 2.0360000133514404 	 9.5679998397827148
28.1210002899169922 	 1.5520000457763672 	 8.5360002517700195
29.6019992828369141 	 1.6560000181198120 	 8.9300003051757812
30.4440002441406250 	 1.0379999876022339 	 8.2880001068115234
27.8939990997314453 	 2.2880001068115234 	 7.1630001068115234
26.4839992523193359 	 2.0490000247955322 	 6.6440000534057617
28.1779994964599609 	 3.7839999198913574 	 7.2769999504089355

29.9109992980957031 	 2.4179999828338623 	 9.9849996566772461
31.2859992980957031 	 2.5350000858306885 	 10.4860000610351562
31.2299995422363281 	 2.7750000953674316 	 11.9720001220703125
30.3320007324218750 	 3.4690001010894775 	 12.4499998092651367
32.0690002441406250 	 3.6979999542236328 	 9.8470001220703125
31.7450008392333984 	 3.9260001182556152 	 8.5010004043579102

32.2019996643066406 	 2.2200000286102295 	 12.6909999847412109
32.3800010681152344 	 2.5250000953674316 	 14.1029996871948242
33.8600006103515625 	 2.7880001068115234 	 14.3039999008178711
34.6749992370605469 	 1.9689999818801880 	 13.9160003662109375
31.9270000457763672 	 1.3760000467300415 	 15.0299997329711914
32.1720008850097656 	 1.7339999675750732 	 16.5109996795654297
30.4489994049072266 	 1.0210000276565552 	 14.8269996643066406

34.1780014038085938 	 3.9030001163482666 	 14.9119997024536133
35.5730018615722656 	 4.1139998435974121 	 15.3310003280639648
35.7840003967285156 	 4.9759998321533203 	 16.5349998474121094
34.8740005493164062 	 5.2500000000000000 	 17.2210006713867188
36.4039993286132812 	 4.5799999237060547 	 14.2060003280639648
36.4869995117187500 	 6.0380001068115234 	 14.0139999389648438
35.1889991760253906 	 6.3130002021789551 	 13.5579996109008789
35.1329994201660156 	 5.8819999694824219 	 12.1730003356933594
34.4459991455078125 	 6.5260000228881836 	 11.2720003128051758
34.4220008850097656 	 6.1030001640319824 	 10.0369997024536133
33.7849998474121094 	 7.5479998588562012 	 11.6219997406005859

37.0579986572265625 	 5.3090000152587891 	 16.7889995574951172
37.4420013427734375 	 5.7659997940063477 	 18.1070003509521484
37.4339981079101562 	 4.5659999847412109 	 19.0300006866455078
36.9519996643066406 	 3.4939999580383301 	 18.6590003967285156
36.7191680336778532 	 6.5009971085290799 	 18.4611062036378861

37.9770011901855469 	 4.7239999771118164 	 20.2299995422363281
37.9169998168945312 	 3.6530001163482666 	 21.2089996337890625
36.5089988708496094 	 3.4849998950958252 	 21.7399997711181641
35.6399993896484375 	 4.3130002021789551 	 21.4589996337890625
38.5920427642038959 	 3.8777252206471906 	 22.0347814734935454

36.2830009460449219 	 2.4340000152587891 	 22.5230007171630859
34.9690017700195312 	 2.1619999408721924 	 23.0820007324218750
34.4290008544921875 	 3.2599999904632568 	 23.9869995117187500
33.2169990539550781 	 3.3580000400543213 	 24.1959991455078125
35.0000906044446722 	 1.2228819686575658 	 23.6344416058532083

35.3160018920898438 	 4.0999999046325684 	 24.5179996490478516
34.8940010070800781 	 5.1719999313354492 	 25.4309997558593750
34.4729995727539062 	 6.4489998817443848 	 24.6979999542236328
33.9210014343261719 	 7.3699998855590820 	 25.2919998168945312
36.0099983215332031 	 5.4939999580383301 	 26.4340000152587891
36.0449981689453125 	 4.5159997940063477 	 27.5960006713867188
35.0390014648437500 	 3.7909998893737793 	 27.7889995574951172
37.0709991455078125 	 4.4809999465942383 	 28.3150005340576172

34.7439994812011719 	 6.5110001564025879 	 23.4039993286132812
34.3680000305175781 	 7.6820001602172852 	 22.6299991607666016
34.0919990539550781 	 7.2529997825622559 	 21.1979999542236328
34.7120018005371094 	 7.7670001983642578 	 20.2590007781982422
35.4690017700195312 	 8.7510004043579102 	 22.6870002746582031
34.9440002441406250 	 10.1669998168945312 	 22.4330005645751953
33.7140007019042969 	 10.3559999465942383 	 22.3090000152587891
35.7700004577636719 	 11.1029996871948242 	 22.3710002899169922

33.1549987792968750 	 6.3140001296997070 	 21.0440006256103516
32.8009986877441406 	 5.8029999732971191 	 19.7229995727539062
32.2290000915527344 	 6.9039998054504395 	 18.8470001220703125
31.4220008850097656 	 7.7309999465942383 	 19.2900009155273438
31.7910003662109375 	 4.6500000953674316 	 19.8040008544921875
32.3569984436035156 	 3.3090000152587891 	 20.2639999389648438
31.3759994506835938 	 2.1559998989105225 	 20.0659999847412109
30.1739997863769531 	 2.2899999618530273 	 20.3159999847412109
31.8889999389648438 	 1.0110000371932983 	 19.6089992523193359

32.6759986877441406 	 6.9070000648498535 	 17.6030006408691406
32.1240005493164062 	 7.7649998664855957 	 16.5779991149902344
31.4290008544921875 	 6.8489999771118164 	 15.5810003280639648
32.0009994506835938 	 5.8480000495910645 	 15.1590003967285156
33.2150001525878906 	 8.6000003814697266 	 15.9139995574951172
32.6850013732910156 	 9.6090002059936523 	 14.9409999847412109
33.7779998779296875 	 10.4630002975463867 	 14.3260002136230469
34.7290000915527344 	 9.8929996490478516 	 13.7500000000000000
33.6759986877441406 	 11.7049999237060547 	 14.4149999618530273

30.1849994659423828 	 7.1680002212524414 	 15.2410001754760742
29.3840007781982422 	 6.3200001716613770 	 14.3509998321533203
29.1299991607666016 	 6.9930000305175781 	 13.0220003128051758
28.8770008087158203 	 8.1979999542236328 	 12.9790000915527344
28.0330009460449219 	 5.9970002174377441 	 14.9860000610351562
28.0650005340576172 	 5.5329999923706055 	 16.4319992065429688
26.6520004272460938 	 5.2909998893737793 	 16.9190006256103516
28.8810005187988281 	 4.2540001869201660 	 16.5319995880126953

29.2029991149902344 	 6.2249999046325684 	 11.9399995803833008
28.5909996032714844 	 6.6380000114440918 	 10.6780004501342773
27.2959995269775391 	 5.8649997711181641 	 10.5319995880126953
27.3180007934570312 	 4.6319999694824219 	 10.5399999618530273
29.4780006408691406 	 6.3420000076293945 	 9.4739999771118164
30.7040004730224609 	 7.2049999237060547 	 9.4189996719360352
30.7320003509521484 	 8.2419996261596680 	 10.1020002365112305
31.6590003967285156 	 6.8499999046325684 	 8.6899995803833008

26.1779994964599609 	 6.5729999542236328 	 10.4169998168945312
24.8869991302490234 	 5.9219999313354492 	 10.3090000152587891
24.2509994506835938 	 6.3000001907348633 	 8.9919996261596680
24.1140003204345703 	 7.4869999885559082 	 8.6809997558593750
23.9540004730224609 	 6.3179998397827148 	 11.4560003280639648
24.6450004577636719 	 6.0770001411437988 	 12.8009996414184570
22.6340007781982422 	 5.5219998359680176 	 11.3479995727539062
23.8120002746582031 	 6.5149998664855957 	 13.9989995956420898

23.8920001983642578 	 5.2890000343322754 	 8.1999998092651367
23.2619991302490234 	 5.5219998359680176 	 6.9089999198913574
21.7569999694824219 	 5.5380001068115234 	 7.0749998092651367
21.1420001983642578 	 4.5130000114440918 	 7.3829998970031738
23.6830005645751953 	 4.4489998817443848 	 5.9120001792907715

21.1590003967285156 	 6.7030000686645508 	 6.8639998435974121
19.7010002136230469 	 6.8340001106262207 	 6.8750000000000000
19.1830005645751953 	 6.7600002288818359 	 5.4439997673034668
19.8780002593994141 	 7.1529998779296875 	 4.5050001144409180
19.2919998168945312 	 8.1490001678466797 	 7.5529999732971191
19.7660007476806641 	 8.2629995346069336 	 8.9820003509521484
19.0580005645751953 	 7.6529998779296875 	 10.0039997100830078
20.9209995269775391 	 8.9750003814697266 	 9.3090000152587891
19.4780006408691406 	 7.7389998435974121 	 11.3299999237060547
21.3530006408691406 	 9.0699996948242188 	 10.6250000000000000
20.6270008087158203 	 8.4409999847412109 	 11.6510000228881836

17.9720001220703125 	 6.2280001640319824 	 5.2620000839233398
17.4430007934570312 	 6.1059999465942383 	 3.9010000228881836
17.3649997711181641 	 7.4470000267028809 	 3.1770000457763672
17.3139991760253906 	 8.5100002288818359 	 3.7969999313354492
16.0499992370605469 	 5.5250000953674316 	 4.1290001869201660
16.2150001525878906 	 4.7020001411437988 	 5.3730001449584961
17.1159992218017578 	 5.5460000038146973 	 6.2459998130798340

17.3899993896484375 	 7.3819999694824219 	 1.8539999723434448
17.2700004577636719 	 8.5640001296997070 	 1.0160000324249268
16.0919990539550781 	 9.4350004196166992 	 1.4459999799728394
15.0270004272460938 	 8.9160003662109375 	 1.7779999971389771
17.1110000610351562 	 8.1339998245239258 	 -0.4390000104904175
17.0540008544921875 	 9.2469997406005859 	 -1.2990000247955322

16.2649993896484375 	 10.7650003433227539 	 1.4210000038146973
17.4430007934570312 	 11.4919996261596680 	 0.9499999880790710
18.4279994964599609 	 11.9010000228881836 	 2.0429999828338623
19.2420005798339844 	 12.7840003967285156 	 1.7890000343322754
16.8290004730224609 	 12.7480001449584961 	 0.3339999914169312
15.6920003890991211 	 13.0439996719360352 	 1.2630000114440918
15.1370000839233398 	 11.6870002746582031 	 1.6569999456405640

18.3640003204345703 	 11.3020000457763672 	 3.2279999256134033
19.1860008239746094 	 11.8030004501342773 	 4.3299999237060547
20.6609992980957031 	 11.4189996719360352 	 4.1710000038146973
21.5480003356933594 	 12.2510004043579102 	 4.3610000610351562
18.6560001373291016 	 11.3050003051757812 	 5.6799998283386230
17.2180004119873047 	 11.7969999313354492 	 5.8670001029968262
19.5450000762939453 	 11.7829999923706055 	 6.8280000686645508
16.5160007476806641 	 11.2159996032714844 	 7.0720000267028809

20.9209995269775391 	 10.1669998168945312 	 3.8150000572204590
22.2870006561279297 	 9.7320003509521484 	 3.6059999465942383
23.0020008087158203 	 9.4219999313354492 	 4.9039998054504395
22.3549995422363281 	 9.1739997863769531 	 5.9310002326965332
22.8345999505866324 	 10.5048351224689789 	 3.0665915404279462

24.3320007324218750 	 9.4289999008178711 	 4.8509998321533203
25.1679992675781250 	 9.0489997863769531 	 5.9910001754760742
25.4839992523193359 	 10.2550001144409180 	 6.8730001449584961
25.8850002288818359 	 11.3310003280639648 	 6.3740000724792480
26.4810009002685547 	 8.4079999923706055 	 5.5170001983642578
26.1979999542236328 	 7.1750001907348633 	 4.6519999504089355
27.3770008087158203 	 8.0480003356933594 	 6.7030000686645508
27.4549999237060547 	 6.6579999923706055 	 3.9690001010894775

25.2810001373291016 	 10.0799999237060547 	 8.1730003356933594
25.6480007171630859 	 11.0880002975463867 	 9.1590003967285156
26.7080001831054688 	 10.5489997863769531 	 10.0950002670288086
26.6490001678466797 	 9.3830003738403320 	 10.5170001983642578
24.4239997863769531 	 11.5410003662109375 	 9.9720001220703125
23.2919998168945312 	 12.1210002899169922 	 9.1359996795654297
23.6660003662109375 	 13.4479999542236328 	 8.4849996566772461
22.4729995727539062 	 13.9680004119873047 	 7.6989998817443848
22.8050003051757812 	 15.2500000000000000 	 7.0349998474121094

27.6730003356933594 	 11.3999996185302734 	 10.4259996414184570
28.7539997100830078 	 11.0329999923706055 	 11.3389997482299805
28.5550003051757812 	 11.7639999389648438 	 12.6510000228881836
28.3969993591308594 	 12.9890003204345703 	 12.6610002517700195
30.1149997711181641 	 11.3719997406005859 	 10.7270002365112305
31.3010005950927734 	 11.1649999618530273 	 11.6510000228881836
32.6090011596679688 	 11.2659997940063477 	 10.8610000610351562
32.6980018615722656 	 10.1400003433227539 	 9.9409999847412109
33.6590003967285156 	 9.9630002975463867 	 9.0439996719360352
33.6329994201660156 	 8.8920001983642578 	 8.2670001983642578
34.6349983215332031 	 10.8579998016357422 	 8.9189996719360352

28.5380001068115234 	 11.0100002288818359 	 13.7430000305175781
28.2140007019042969 	 11.5880002975463867 	 15.0480003356933594
28.8579998016357422 	 10.8199996948242188 	 16.1930007934570312
29.1219997406005859 	 9.6219997406005859 	 16.0949993133544922
26.6940002441406250 	 11.6319999694824219 	 15.2360000610351562
25.9689998626708984 	 10.2989997863769531 	 15.0520000457763672
25.5820007324218750 	 9.6700000762939453 	 16.3689994812011719
24.7549991607666016 	 10.5150003433227539 	 14.1940002441406250

29.1149997711181641 	 11.5159997940063477 	 17.2889995574951172
29.6280002593994141 	 10.8389997482299805 	 18.4629993438720703
28.4920005798339844 	 10.0970001220703125 	 19.1380004882812500
27.4009990692138672 	 10.6400003433227539 	 19.2959995269775391
30.2719993591308594 	 11.8319997787475586 	 19.4249992370605469
31.5459995269775391 	 12.4750003814697266 	 18.8759994506835938
32.1049995422363281 	 13.4449996948242188 	 19.8999996185302734
32.5690002441406250 	 11.4090003967285156 	 18.5020008087158203

28.7390003204345703 	 8.8540000915527344 	 19.5450000762939453
27.7029991149902344 	 8.0640001296997070 	 20.1940002441406250
27.3169994354248047 	 8.6319999694824219 	 21.5559997558593750
26.1709995269775391 	 8.5270004272460938 	 21.9720001220703125
28.1560001373291016 	 6.6269998550415039 	 20.3460006713867188

28.2730007171630859 	 9.2559995651245117 	 22.2310009002685547
27.9650001525878906 	 9.8000001907348633 	 23.5440006256103516
27.0179996490478516 	 10.9930000305175781 	 23.3659992218017578
27.2420005798339844 	 11.9110002517700195 	 22.5550003051757812
29.2320003509521484 	 10.1870002746582031 	 24.3110008239746094
29.9920005798339844 	 11.3360004425048828 	 23.7250003814697266
31.2740001678466797 	 11.5989999771118164 	 24.4990005493164062
32.0719985961914062 	 12.7170000076293945 	 23.8330001831054688
33.4350013732910156 	 12.8800001144409180 	 24.4150009155273438

25.9349994659423828 	 10.9209995269775391 	 24.1060009002685547
24.8759994506835938 	 11.9239997863769531 	 24.0729999542236328
24.1630001068115234 	 12.0019998550415039 	 22.7280006408691406
23.4379997253417969 	 12.9589996337890625 	 22.4850006103515625
25.4150009155273438 	 13.3190002441406250 	 24.4440002441406250
26.1819992065429688 	 13.3369998931884766 	 25.7329998016357422
25.5440006256103516 	 13.1000003814697266 	 26.9379997253417969
27.5569992065429688 	 13.5389995574951172 	 25.7329998016357422
26.2590007781982422 	 13.0920000076293945 	 28.1280002593994141
28.2740001678466797 	 13.5209999084472656 	 26.9179992675781250
27.6250000000000000 	 13.3039999008178711 	 28.1130008697509766

24.3509998321533203 	 11.0190000534057617 	 21.8519992828369141
23.5680007934570312 	 11.0010004043579102 	 20.6140003204345703
22.1319999694824219 	 10.5979995727539062 	 20.9400005340576172
21.9029998779296875 	 9.7290000915527344 	 21.7830009460449219
24.1739997863769531 	 10.0480003356933594 	 19.6009998321533203

21.1490001678466797 	 11.2270002365112305 	 20.2749996185302734
19.7539997100830078 	 10.8830003738403320 	 20.5639991760253906
19.3479995727539062 	 9.6359996795654297 	 19.7819995880126953
18.4759998321533203 	 9.7030000686645508 	 18.9130001068115234
18.9930000305175781 	 12.1250000000000000 	 20.0900001525878906
19.8239994049072266 	 12.6000003814697266 	 18.9200000762939453
21.2579994201660156 	 12.3570003509521484 	 19.3360004425048828

20.0179996490478516 	 8.5220003128051758 	 20.0769996643066406
19.8040008544921875 	 7.2670001983642578 	 19.3630008697509766
19.5209999084472656 	 6.1230001449584961 	 20.3250007629394531
20.0450000762939453 	 6.0780000686645508 	 21.4449996948242188
21.0240001678466797 	 6.8909997940063477 	 18.4799995422363281
22.3029994964599609 	 6.8220000267028809 	 19.3220005035400391
21.1949996948242188 	 7.8979997634887695 	 17.3549995422363281
23.5659999847412109 	 6.4980001449584961 	 18.5279998779296875

18.6790008544921875 	 5.2049999237060547 	 19.8740005493164062
18.4130001068115234 	 3.9809999465942383 	 20.6089992523193359
18.6060009002685547 	 2.8110001087188721 	 19.6529998779296875
18.2439994812011719 	 2.8959999084472656 	 18.4850006103515625
17.0020008087158203 	 4.0009999275207520 	 21.1879997253417969
16.6499996185302734 	 2.7829999923706055 	 22.0189990997314453
15.2569999694824219 	 2.8719999790191650 	 22.6219997406005859
14.5509996414184570 	 3.8750000000000000 	 22.3640003204345703
14.8699998855590820 	 1.9329999685287476 	 23.3530006408691406

19.1749992370605469 	 1.7200000286102295 	 20.1459999084472656
19.4080009460449219 	 0.5699999928474426 	 19.2889995574951172
18.1019992828369141 	 -0.1239999979734421 	 18.9069995880126953
17.1889991760253906 	 -0.2879999876022339 	 19.7339992523193359
20.3710002899169922 	 -0.4189999997615814 	 19.9540004730224609
20.8120002746582031 	 -1.5360000133514404 	 19.0109996795654297
21.8859996795654297 	 -2.4379999637603760 	 19.6119995117187500
23.2029991149902344 	 -1.7139999866485596 	 19.8080005645751953
24.3530006408691406 	 -2.6670000553131104 	 19.9120006561279297

18.0520000457763672 	 -0.4970000088214874 	 17.6299991607666016
16.9449996948242188 	 -1.1529999971389771 	 16.9319992065429688
15.7709999084472656 	 -0.2179999947547913 	 16.7539997100830078
15.7819995880126953 	 0.5809999704360962 	 15.8090000152587891
16.5149993896484375 	 -2.4389998912811279 	 17.6329994201660156
15.2790002822875977 	 -3.0130000114440918 	 16.9740009307861328
17.6509990692138672 	 -3.4279999732971191 	 17.5699996948242188

31.4430007934570312 	 -2.2990000247955322 	 19.9349994659423828
24.9860000610351562 	 5.9479999542236328 	 21.9780006408691406
32.0970001220703125 	 -2.0920000076293945 	 16.5049991607666016
33.1300010681152344 	 -5.4650001525878906 	 17.1700000762939453
32.7360000610351562 	 -5.3870000839233398 	 21.9549999237060547
20.8220005035400391 	 -4.0780000686645508 	 10.1440000534057617
20.4479999542236328 	 -4.9860000610351562 	 13.2329998016357422
25.0830001831054688 	 -5.5840001106262207 	 18.0400009155273438
20.3220005035400391 	 -3.1809999942779541 	 16.0039997100830078
16.0590000152587891 	 0.7200000286102295 	 7.7189998626708984
15.8039999008178711 	 7.5650000572204590 	 19.8430004119873047
12.6929998397827148 	 9.1339998245239258 	 15.1619997024536133
22.7040004730224609 	 13.7829999923706055 	 16.2569999694824219
11.4390001296997070 	 11.4849996566772461 	 15.9790000915527344
7.6339998245239258 	 14.6660003662109375 	 18.1870002746582031
19.0330009460449219 	 19.5480003356933594 	 15.0629997253417969
12.4709997177124023 	 14.7259998321533203 	 12.5439996719360352
19.5149993896484375 	 21.1240005493164062 	 11.9090003967285156
15.3599996566772461 	 7.4549999237060547 	 8.4040002822875977
19.3530006408691406 	 17.0699996948242188 	 8.6260004043579102
12.5810003280639648 	 5.8239998817443848 	 10.3170003890991211
14.9870004653930664 	 2.9230000972747803 	 7.9079999923706055
18.4570007324218750 	 1.4659999608993530 	 7.8189997673034668
19.8229999542236328 	 -2.6459999084472656 	 7.7160000801086426
35.5340003967285156 	 -0.6010000109672546 	 14.3179998397827148
33.8359985351562500 	 0.1180000007152557 	 11.2320003509521484
35.4990005493164062 	 5.7199997901916504 	 8.4499998092651367
34.7709999084472656 	 1.1920000314712524 	 18.7800006866455078
33.0509986877441406 	 3.7309999465942383 	 30.0990009307861328
31.2099990844726562 	 9.0319995880126953 	 21.7169990539550781
29.4290008544921875 	 3.9230000972747803 	 22.4759998321533203
36.6619987487792969 	 10.1049995422363281 	 11.9919996261596680
31.6669998168945312 	 13.2720003128051758 	 15.1680002212524414
33.6980018615722656 	 14.0790004730224609 	 12.5410003662109375
36.9239997863769531 	 9.2659997940063477 	 15.8090000152587891
21.9479999542236328 	 6.3280000686645508 	 3.0959999561309814
18.3419990539550781 	 4.6069998741149902 	 0.4269999861717224
19.6189994812011719 	 15.4949998855590820 	 1.2460000514984131
24.1240005493164062 	 12.9569997787475586 	 4.6890001296997070
20.9109992980957031 	 14.9390001296997070 	 4.7420001029968262
26.1299991607666016 	 13.7749996185302734 	 5.2529997825622559
30.3610000610351562 	 14.7519998550415039 	 13.2799997329711914
35.5730018615722656 	 12.9770002365112305 	 10.6440000534057617
35.5299987792968750 	 7.4289999008178711 	 6.1310000419616699
26.1779994964599609 	 12.9149999618530273 	 19.9780006408691406
28.4179992675781250 	 14.3669996261596680 	 17.1959991455078125
34.4020004272460938 	 14.7229995727539062 	 22.6280002593994141
28.3589992523193359 	 14.6350002288818359 	 22.4489994049072266
32.6220016479492188 	 13.7019996643066406 	 27.2579994201660156
22.9549999237060547 	 8.4840002059936523 	 24.0000000000000000
22.2390003204345703 	 5.4190001487731934 	 22.9080009460449219
14.1129999160766602 	 6.5529999732971191 	 20.9799995422363281
19.9020004272460938 	 1.8020000457763672 	 23.0069999694824219

