3 18 20
3 18 32
3 20 52
3 32 52
14 32 37
14 32 52
14 37 46
14 46 52
18 20 39
18 32 39
20 39 43
20 43 44
20 44 52
32 37 39
37 39 43
37 43 46
43 44 46
44 46 52


2 3 18 20 7 390.256092 131.315746 3.384453
2 3 18 32 7 -142.771972 -59.329556 2.675197
2 3 20 52 7 416.144004 -317.472133

5 3 18 20 7 390.256092 273.548295 7.050269
5 3 18 32 7 -142.771972 -67.278642 3.033625
5 3 20 52 7 416.144004 -17.765746

6 3 18 20 7 390.256092 405.775976 10.458226
6 3 18 32 7 -142.771972 -27.202739 1.226584
6 3 20 52 7 416.144004 288.617382 3.300015
6 3 32 52 7 -682.993799 147.803222

8 3 18 20 7 390.256092 604.850553 15.589055
8 3 18 32 7 -142.771972 -155.842049 7.026990
8 3 20 52 7 416.144004 550.090948 6.289671
8 3 32 52 7 -682.993799 -593.230794 4.006594
8 14 32 37 3 -353.273174 -357.792269 4.398156
8 14 32 52 3 14.167113 327.491396 3.919895
8 14 37 46 3 -2999.567460 313.774016

9 3 18 20 7 390.256092 469.737464 12.106731
9 3 18 32 7 -142.771972 -201.838834 9.101006
9 3 20 52 7 416.144004 867.017951 9.913375
9 3 32 52 7 -682.993799 -1078.393543 7.283312
9 14 32 37 3 -353.273174 -513.945231 6.317664
9 14 32 52 3 14.167113 601.121734 7.195103
9 14 37 46 3 -2999.567460 199.858161

10 3 18 20 7 390.256092 645.511841 16.637034
10 3 18 32 7 -142.771972 -300.724545 13.559808
10 3 20 52 7 416.144004 961.626259 10.995115
10 3 32 52 7 -682.993799 -1612.846092 10.892927
10 14 32 37 3 -353.273174 -729.463977 8.966925
10 14 32 52 3 14.167113 897.624854 10.744085
10 14 37 46 3 -2999.567460 1190.693186

11 3 18 20 7 390.256092 518.420871 13.361468
11 3 18 32 7 -142.771972 -263.742797 11.892284
11 3 20 52 7 416.144004 1295.878957 14.816918
11 3 32 52 7 -682.993799 -1518.905456 10.258466
11 14 32 37 3 -353.273174 -574.591028 7.063152
11 14 32 52 3 14.167113 843.528810 10.096584
11 14 37 46 3 -2999.567460 974.884997

21 3 18 20 7 390.256092 -161.285166

25 3 18 20 7 390.256092 72.941836 1.879959
25 3 18 32 7 -142.771972 -386.270157 17.417099
25 3 20 52 7 416.144004 -419.350883

26 3 18 20 7 390.256092 31.939451 0.823188
26 3 18 32 7 -142.771972 -370.206991 16.692803
26 3 20 52 7 416.144004 2.618620 0.029941
26 3 32 52 7 -682.993799 -2531.812373 17.099491
26 14 32 37 3 -353.273174 -1672.572200 20.560069
26 14 32 52 3 14.167113 1444.319588 17.287726
26 14 37 46 3 -2999.567460 -2186.233262 11.004795
26 14 46 52 3 -2247.640834 -1676.478661 10.519513
26 18 20 39 3 -33.024629 19.116968

27 3 18 20 7 390.256092 97.459386 2.511860
27 3 18 32 7 -142.771972 -253.516371 11.431170
27 3 20 52 7 416.144004 -27.015341

28 3 18 20 7 390.256092 -12.043431

30 3 18 20 7 390.256092 -3.902417

40 3 18 20 7 390.256092 190.466895 4.908979
40 3 18 32 7 -142.771972 -172.190280 7.764139
40 3 20 52 7 416.144004 1120.001213 12.805954
40 3 32 52 7 -682.993799 -1164.783259 7.866776
40 14 32 37 3 -353.273174 -508.891407 6.255540
40 14 32 52 3 14.167113 653.762846 7.825188
40 14 37 46 3 -2999.567460 -701.808367 3.532678
40 14 46 52 3 -2247.640834 -1023.661543 6.423237
40 18 20 39 3 -33.024629 -186.137067 3.553993
40 18 32 39 3 58.121236 125.817477 5.318823
40 20 39 43 3 276.907690 345.699272 2.407183
40 20 43 44 3 163.619329 478.409488 10.535525
40 20 44 52 3 166.553957 1469.862485 11.829940
40 32 37 39 3 196.349792 178.697188 4.556910
40 37 39 43 3 -1284.863729 92.880095

41 3 18 20 7 390.256092 8.036368 0.207125
41 3 18 32 7 -142.771972 -196.696654 8.869143
41 3 20 52 7 416.144004 927.268484 10.602272
41 3 32 52 7 -682.993799 -1476.958284 9.975160
41 14 32 37 3 -353.273174 -774.768069 9.523825
41 14 32 52 3 14.167113 837.165844 10.020423
41 14 37 46 3 -2999.567460 -1598.479503 8.046232
41 14 46 52 3 -2247.640834 -1737.177247 10.900382
41 18 20 39 3 -33.024629 60.900268

45 3 18 20 7 390.256092 278.540536 7.178936
45 3 18 32 7 -142.771972 -402.115907 18.131591
45 3 20 52 7 416.144004 169.815394 1.941648
45 3 32 52 7 -682.993799 -2547.266102 17.203863
45 14 32 37 3 -353.273174 -1577.453751 19.390827
45 14 32 52 3 14.167113 1444.809370 17.293588
45 14 37 46 3 -2999.567460 -955.596143 4.810164
45 14 46 52 3 -2247.640834 -657.367129 4.124825
45 18 20 39 3 -33.024629 -303.367966 5.792332
45 18 32 39 3 58.121236 424.868223 17.960931
45 20 39 43 3 276.907690 422.222815 2.940034
45 20 43 44 3 163.619329 -129.176234

50 3 18 20 7 390.256092 628.883300 16.208460
50 3 18 32 7 -142.771972 -229.408692 10.344143
50 3 20 52 7 416.144004 229.256286 2.621288
50 3 32 52 7 -682.993799 -1037.151919 7.004773
50 14 32 37 3 -353.273174 -707.544708 8.697483
50 14 32 52 3 14.167113 581.802233 6.963859
50 14 37 46 3 -2999.567460 197.668438

51 3 18 20 7 390.256092 481.022386 12.397582
51 3 18 32 7 -142.771972 -153.290829 6.911954
51 3 20 52 7 416.144004 -83.145729
0 0.000000 6
1 0.000000 51
2 0.000000 5
3 0.000000 6
4 0.000000 8
5 0.000000 9
6 0.000000 10
7 0.000000 11
8 0.000000 21
9 0.000000 25
10 0.000000 26
11 0.000000 27
12 0.000000 28
13 0.000000 30
14 0.000000 40
15 0.000000 41
16 0.000000 45
17 0.000000 50
